-1	0.3896304955821673	96.16	98.0
-1	0.3896304955821673	96.16	98.0
-1	0.3896304955821673	96.16	98.0
-1	0.3896304955821673	96.16	98.0
-1	0.3896304955821673	96.16	98.0
-1	0.3896304955821673	96.16	98.0
-1	0.3896304955821673	96.16	98.0
-1	0.3896304955821673	96.16	98.0
-1	0.3896304955821673	96.16	98.0
-1	0.3896304955821673	96.16	98.0
-1	0.3896304955821673	96.16	98.0
-1	0.3896304955821673	96.16	98.0
-1	0.3896304955821673	96.16	98.0
-1	0.3896304955821673	96.16	98.0
-1	0.3896304955821673	96.16	98.0
-1	0.3896304955821673	96.16	98.0
-1	0.3896304955821673	96.16	98.0
-1	0.3896304955821673	96.16	98.0
-1	0.3896304955821673	96.16	98.0
-1	0.3896304955821673	96.16	98.0
-1	0.3896304955821673	96.16	98.0
-1	0.3896304955821673	96.16	98.0
-1	0.3896304955821673	96.16	98.0
-1	0.3896304955821673	96.16	98.0
-1	0.3896304955821673	96.16	98.0
-1	0.3896304955821673	96.16	98.0
-1	0.3896304955821673	96.16	98.0
-1	0.3896304955821673	96.16	98.0
-1	0.3896304955821673	96.16	98.0
-1	0.3896304955821673	96.16	98.0
-1	0.3896304955821673	96.16	98.0
-1	0.3896304955821673	96.16	98.0
-1	0.3896304955821673	96.16	98.0
-1	0.3896304955821673	96.16	98.0
-1	0.3896304955821673	96.16	98.0
-1	0.3896304955821673	96.16	98.0
-1	0.3896304955821673	96.16	98.0
-1	0.3896304955821673	96.16	98.0
-1	0.3896304955821673	96.16	98.0
-1	0.3896304955821673	96.16	98.0
-1	0.3896304955821673	96.16	98.0
-1	0.3896304955821673	96.16	98.0
-1	0.3896304955821673	96.16	98.0
-1	0.3896304955821673	96.16	98.0
-1	0.3896304955821673	96.16	98.0
-1	0.3896304955821673	96.16	98.0
-1	0.3896304955821673	96.16	98.0
-1	0.3896304955821673	96.16	98.0
-1	0.3896304955821673	96.16	98.0
-1	0.3896304955821673	96.16	98.0
-1	0.3896304955821673	96.16	98.0
-1	0.3896304955821673	96.16	98.0
-1	0.3896304955821673	96.16	98.0
-1	0.3896304955821673	96.16	98.0
-1	0.3896304955821673	96.16	98.0
-1	0.3896304955821673	96.16	98.0
-1	0.3896304955821673	96.16	98.0
-1	0.3896304955821673	96.16	98.0
-1	0.3896304955821673	96.16	98.0
-1	0.3896304955821673	96.16	98.0
-1	0.3896304955821673	96.16	98.0
-1	0.3896304955821673	96.16	98.0
-1	0.3896304955821673	96.16	98.0
-1	0.3896304955821673	96.16	98.0
-1	0.3896304955821673	96.16	98.0
-1	0.3896304955821673	96.16	98.0
-1	0.3896304955821673	96.16	98.0
-1	0.3896304955821673	96.16	98.0
-1	0.3896304955821673	96.16	98.0
-1	0.3896304955821673	96.16	98.0
-1	0.3896304955821673	96.16	98.0
-1	0.3896304955821673	96.16	98.0
-1	0.3896304955821673	96.16	98.0
-1	0.3896304955821673	96.16	98.0
-1	0.3896304955821673	96.16	98.0
-1	0.3896304955821673	96.16	98.0
-1	0.3896304955821673	96.16	98.0
-1	0.3896304955821673	96.16	98.0
-1	0.3896304955821673	96.16	98.0
-1	0.3896304955821673	96.16	98.0
-1	0.3896304955821673	96.16	98.0
-1	0.3896304955821673	96.16	98.0
-1	0.3896304955821673	96.16	98.0
-1	0.3896304955821673	96.16	98.0
-1	0.3896304955821673	96.16	98.0
-1	0.3896304955821673	96.16	98.0
-1	0.3896304955821673	96.16	98.0
-1	0.3896304955821673	96.16	98.0
-1	0.3896304955821673	96.16	98.0
-1	0.3896304955821673	96.16	98.0
-1	0.3896304955821673	96.16	98.0
-1	0.3896304955821673	96.16	98.0
-1	0.3896304955821673	96.16	98.0
-1	0.3896304955821673	96.16	98.0
-1	0.3896304955821673	96.16	98.0
-1	0.3896304955821673	96.16	98.0
-1	0.3888993209710625	96.16	98.0
-1	0.3888993209710625	96.16	98.0
-1	0.3888993209710625	96.16	98.0
-1	0.3888993209710625	96.16	98.0
-1	0.3888993209710625	96.16	98.0
-1	0.3888993209710625	96.16	98.0
-1	0.3888993209710625	96.16	98.0
-1	0.3888993209710625	96.16	98.0
-1	0.3888993209710625	96.16	98.0
-1	0.3888993209710625	96.16	98.0
-1	0.3888993209710625	96.16	98.0
-1	0.3888993209710625	96.16	98.0
-1	0.3888993209710625	96.16	98.0
-1	0.3888993209710625	96.16	98.0
-1	0.3888993209710625	96.16	98.0
-1	0.3888993209710625	96.16	98.0
-1	0.3888993209710625	96.16	98.0
-1	0.3888993209710625	96.16	98.0
-1	0.3888993209710625	96.16	98.0
-1	0.3888993209710625	96.16	98.0
-1	0.3888993209710625	96.16	98.0
-1	0.3888993209710625	96.16	98.0
-1	0.3888993209710625	96.16	98.0
-1	0.3888993209710625	96.16	98.0
-1	0.3888993209710625	96.16	98.0
-1	0.3888993209710625	96.16	98.0
-1	0.3888993209710625	96.16	98.0
-1	0.3888993209710625	96.16	98.0
-1	0.3888993209710625	96.16	98.0
-1	0.3888993209710625	96.16	98.0
-1	0.3888993209710625	96.16	98.0
-1	0.3888993209710625	96.16	98.0
-1	0.3888993209710625	96.16	98.0
-1	0.3888993209710625	96.16	98.0
-1	0.3888993209710625	96.16	98.0
-1	0.3896306482022497	96.16	98.0
-1	0.389630659733298	96.16	98.0
-1	0.389630659733298	96.16	98.0
-1	0.389630659733298	96.16	98.0
-1	0.389630659733298	96.16	98.0
-1	0.389630659733298	96.16	98.0
-1	0.389630659733298	96.16	98.0
-1	0.389630659733298	96.16	98.0
-1	0.389630659733298	96.16	98.0
-1	0.389630659733298	96.16	98.0
-1	0.389630659733298	96.16	98.0
-1	0.389630659733298	96.16	98.0
-1	0.3889017252936765	96.17	97.3
-1	0.3889017252936765	96.16	97.3
-1	0.3889017252936765	96.16	97.3
-1	0.3889017252936765	96.16	97.3
-1	0.3889017252936765	96.16	97.3
-1	0.3889017252936765	96.16	97.3
-1	0.3889017252936765	96.16	97.3
-1	0.3889017252936765	96.16	97.3
-1	0.3889017252936765	96.16	97.3
-1	0.3889017252936765	96.16	97.3
-1	0.3889017252936765	96.16	97.3
-1	0.3889017252936765	96.16	97.3
-1	0.3889017252936765	96.16	97.3
-1	0.3889017252936765	96.16	97.3
-1	0.3889017252936765	96.16	97.3
-1	0.3889017252936765	96.16	97.3
-1	0.3889017252936765	96.16	97.3
-1	0.3889017252936765	96.16	97.3
-1	0.3889017252936765	96.16	97.3
-1	0.3889017252936765	96.16	97.3
-1	0.3889017252936765	96.16	97.3
-1	0.3889017252936765	96.16	97.3
-1	0.3889017252936765	96.16	97.3
-1	0.3889017252936765	96.16	97.3
-1	0.3889017252936765	96.16	97.3
-1	0.3889017252936765	96.16	97.3
-1	0.3889017252936765	96.16	97.3
-1	0.3889017252936765	96.16	97.5
-1	0.3889017252936765	96.16	97.5
-1	0.3889017252936765	96.16	97.5
-1	0.3896336155929472	96.16	97.5
-1	0.38963667255401396	96.16	97.5
-1	0.38963667255401396	96.16	97.5
-1	0.38963667255401396	96.16	97.5
-1	0.38963667255401396	96.16	97.5
-1	0.38963667255401396	96.16	97.5
-1	0.38963667255401396	96.16	97.5
-1	0.38963667255401396	96.16	97.5
-1	0.38963667255401396	96.16	97.5
-1	0.38963667255401396	96.16	97.5
-1	0.4013575058849904	96.16	97.5
-1	0.4013575058849904	96.16	97.5
-1	0.4013575058849904	96.16	97.5
-1	0.4013575058849904	96.16	97.5
-1	0.4013575058849904	96.16	97.5
-1	0.4013575058849904	96.16	97.5
-1	0.4013575058849904	96.16	97.5
-1	0.4013575058849904	96.16	97.5
-1	0.4013575058849904	96.16	97.5
-1	0.4013575058849904	96.16	97.5
-1	0.4013575058849904	96.16	97.5
-1	0.4013575058849904	96.16	97.5
-1	0.4013575058849904	96.16	97.5
-1	0.4013575058849904	96.16	97.5
-1	0.4013575058849904	96.16	97.5
-1	0.4013575058849904	96.16	97.5
-1	0.4013575058849904	96.16	97.5
-1	0.4013575058849904	96.16	97.5
-1	0.4013575058849904	96.16	97.5
-1	0.4013575058849904	96.16	97.5
-1	0.4013575058849904	96.16	97.5
-1	0.4013575058849904	96.16	97.5
-1	0.4013575058849904	96.16	97.5
-1	0.4013575058849904	96.16	97.5
-1	0.4013575058849904	96.16	97.5
-1	0.4013575058849904	96.16	97.5
-1	0.4013578459584257	95.0	96.49
-1	0.4013578459584257	95.0	97.1
-1	0.4013578459584257	95.0	97.1
-1	0.4013578459584257	95.0	97.1
-1	0.4013578459584257	95.0	97.1
-1	0.4013578459584257	95.0	97.1
-1	0.4013578459584257	95.0	97.1
-1	0.4013578459584257	95.0	97.1
-1	0.4013578459584257	95.0	97.1
-1	0.4013578459584257	95.0	97.1
-1	0.4013578459584257	95.0	97.1
-1	0.4013578459584257	95.0	97.1
-1	0.4013578459584257	95.0	97.1
-1	0.3867130086039366	95.0	97.1
-1	0.47475941101429514	95.01	97.1
-1	0.47475941101429514	95.0	97.1
-1	0.47475941101429514	95.0	97.1
-1	0.47475941101429514	95.0	97.1
-1	0.47475941101429514	95.0	97.1
-1	0.47475941101429514	95.0	97.1
-1	0.47475941101429514	95.0	97.1
-1	0.47475941101429514	95.0	97.1
-1	0.47475941101429514	95.0	97.1
-1	0.47475941101429514	95.0	97.1
-1	0.47475941101429514	95.0	97.1
-1	0.47475941101429514	95.0	95.01
-1	0.47475941101429514	95.0	95.01
-1	0.47475941101429514	95.0	95.01
-1	0.47475941101429514	95.0	95.01
-1	0.47475941101429514	95.0	95.01
-1	0.47475941101429514	95.0	95.01
-1	0.47475941101429514	95.0	95.01
0.0	0.46581773085572165	95.08	95.76
0.000641025641025641	0.45388645071268674	95.08	95.76
0.001282051282051282	0.46582472081199894	95.08	95.76
0.0019230769230769232	0.4890667150194606	94.64	95.08
0.002564102564102564	0.4516566106420534	94.64	95.77
0.003205128205128205	0.4516566106420534	94.64	95.77
0.0038461538461538464	0.5197540551436044	94.41	94.52
0.004487179487179487	0.5192415056335367	94.41	94.42
0.005128205128205128	0.5093874021134969	94.42	94.55
0.0057692307692307696	0.5128623636201427	94.42	94.56
0.00641025641025641	0.43824615211872836	95.0	95.59
0.007051282051282051	0.41903667320612814	95.2	95.77
0.007692307692307693	0.44495336498721494	95.2	95.62
0.008333333333333333	0.4503018303858531	95.2	95.53
0.008974358974358974	0.45912026010677076	95.21	95.44
0.009615384615384616	0.4591238891033423	95.22	95.45
0.010256410256410256	0.4576379854809778	95.31	95.45
0.010897435897435897	0.4383455672323538	95.38	95.77
0.011538461538461539	0.42207328100617164	95.38	95.76
0.01217948717948718	0.42430325939327673	95.38	95.68
0.01282051282051282	0.42653606015366613	95.38	95.66
0.013461538461538462	0.43879165557857697	95.34	95.65
0.014102564102564103	0.4280781825765748	95.35	95.64
0.014743589743589743	0.42440408086533904	95.35	95.69
0.015384615384615385	0.44812740578251486	95.35	95.68
0.016025641025641024	0.4288528136647734	95.36	95.66
0.016666666666666666	0.4089623483251794	95.63	95.95
0.01730769230769231	0.38519211336109477	95.95	96.48
0.017948717948717947	0.39069256797669344	95.95	96.39
0.01858974358974359	0.3875785550391193	95.95	96.44
0.019230769230769232	0.346637022882664	96.35	96.72
0.01987179487179487	0.364051097529715	96.35	96.64
0.020512820512820513	0.3684927797249933	96.21	96.48
0.021153846153846155	0.3583795626510689	96.21	96.6
0.021794871794871794	0.3583795626510689	96.21	96.6
0.022435897435897436	0.3497398944998806	96.21	96.72
0.023076923076923078	0.3704523558662159	96.21	96.66
0.023717948717948717	0.3705825498053146	96.43	96.64
0.02435897435897436	0.3658756758295875	96.43	96.56
0.025	0.35974725102277666	96.43	96.74
0.02564102564102564	0.35940390487459567	96.43	96.74
0.026282051282051282	0.3471394084562774	96.44	96.75
0.026923076923076925	0.3522133339093724	96.46	96.71
0.027564102564102563	0.3681984126212183	96.46	96.72
0.028205128205128206	0.3479630712667234	96.52	96.84
0.028846153846153848	0.3242735031247846	96.85	97.31
0.029487179487179487	0.3132661041855583	97.02	97.45
0.03012820512820513	0.3132852526406505	97.02	97.45
0.03076923076923077	0.2916125790479566	97.27	97.63
0.03141025641025641	0.31063006287432815	97.27	97.57
0.03205128205128205	0.31904110925161694	96.98	97.34
0.032692307692307694	0.266510446247203	97.45	97.9
0.03333333333333333	0.2602346501224583	97.46	98.0
0.03397435897435897	0.2596598928912258	97.48	98.0
0.03461538461538462	0.27861297492257586	97.48	97.98
0.035256410256410256	0.26189018319376645	97.56	97.96
0.035897435897435895	0.2902436267861507	97.56	97.93
0.03653846153846154	0.27343862478379455	97.62	98.0
0.03717948717948718	0.2812252191489327	97.7	98.0
0.03782051282051282	0.262484283111365	97.62	98.0
0.038461538461538464	0.27982742452491394	97.62	97.91
0.0391025641025641	0.23463300703566206	97.95	98.44
0.03974358974358974	0.24025245893326588	97.97	98.5
0.04038461538461539	0.21807066223122695	98.17	98.79
0.041025641025641026	0.2290429157494496	98.18	98.72
0.041666666666666664	0.22707039659304515	98.18	98.79
0.04230769230769231	0.2263985637998634	98.22	98.77
0.04294871794871795	0.20597742290143095	98.26	98.9
0.04358974358974359	0.19909364823487508	98.26	98.87
0.04423076923076923	0.19443486941064989	98.58	98.97
0.04487179487179487	0.2179291132737281	98.59	98.97
0.04551282051282051	0.1924322608492905	98.59	98.99
0.046153846153846156	0.20137662506391127	98.61	99.12
0.046794871794871795	0.1922045617952597	99.0	99.5
0.047435897435897434	0.15872436419304572	99.09	99.5
0.04807692307692308	0.16701427431711965	99.09	99.65
0.04871794871794872	0.1660583829643232	99.39	99.88
0.04935897435897436	0.14021417691406832	99.4	99.82
0.05	0.15682596674602658	99.52	99.86
0.05064102564102564	0.16521834405718025	99.39	99.68
0.05128205128205128	0.17047535077462808	99.24	99.39
0.051923076923076926	0.19161269702558736	99.01	99.16
0.052564102564102565	0.1931170755735476	98.99	99.04
0.0532051282051282	0.1938632691026545	98.95	99.02
0.05384615384615385	0.2010001657425062	98.81	98.99
0.05448717948717949	0.23166783284274245	98.26	98.66
0.05512820512820513	0.24328964763844296	98.12	98.47
0.05576923076923077	0.24738062736283767	98.12	98.45
0.05641025641025641	0.2437335006807353	98.12	98.45
0.05705128205128205	0.23259307075074293	98.12	98.45
0.057692307692307696	0.2502102579650861	98.12	98.28
0.058333333333333334	0.2666571938772705	97.75	97.97
0.05897435897435897	0.26379505233375994	98.0	98.1
0.05961538461538462	0.26804944623388866	97.94	98.08
0.06025641025641026	0.2659620921969851	97.94	98.05
0.060897435897435896	0.2681884848888748	97.94	98.06
0.06153846153846154	0.26895482476368454	97.94	98.06
0.06217948717948718	0.26895714407008386	97.94	98.04
0.06282051282051282	0.2633986931421373	98.01	98.13
0.06346153846153846	0.2627495080138911	98.01	98.12
0.0641025641025641	0.25868657714594334	97.95	98.09
0.06474358974358975	0.2571007595666803	98.02	98.16
0.06538461538461539	0.2474959566468684	98.04	98.25
0.06602564102564103	0.24333461995266162	98.22	98.35
0.06666666666666667	0.2557554428657131	98.09	98.16
0.0673076923076923	0.2562260137265083	98.08	98.18
0.06794871794871794	0.2588305515054476	98.09	98.1
0.0685897435897436	0.265059321686849	97.94	98.08
0.06923076923076923	0.27505830908710494	97.8	97.91
0.06987179487179487	0.2815293246810493	97.75	97.8
0.07051282051282051	0.293647676309742	97.6	97.7
0.07115384615384615	0.29475276993826954	97.5	97.68
0.07179487179487179	0.3001577085793869	97.39	97.56
0.07243589743589744	0.30594221957546325	97.26	97.5
0.07307692307692308	0.294998640518634	97.56	97.63
0.07371794871794872	0.29540337207441253	97.56	97.66
0.07435897435897436	0.29048186575346174	97.56	97.76
0.075	0.28874414195493975	97.56	97.81
0.07564102564102564	0.2849034959854783	97.57	97.91
0.07628205128205129	0.27744338657380296	97.56	97.89
0.07692307692307693	0.2902436883324132	97.56	97.77
0.07756410256410257	0.299915374458692	97.3	97.52
0.0782051282051282	0.302773794257027	97.31	97.49
0.07884615384615384	0.30919956486644734	97.31	97.49
0.07948717948717948	0.31994591297924024	97.19	97.3
0.08012820512820513	0.3178410294078183	97.19	97.29
0.08076923076923077	0.35262246994159635	96.61	97.01
0.08141025641025641	0.3394227286161102	96.53	96.93
0.08205128205128205	0.34670439581460927	96.76	97.15
0.08269230769230769	0.3336809635996414	96.77	97.14
0.08333333333333333	0.33809778196759016	96.77	97.13
0.08397435897435897	0.33806522147490475	96.77	97.13
0.08461538461538462	0.34768159382435004	96.8	96.92
0.08525641025641026	0.34680074395516397	96.8	96.9
0.0858974358974359	0.3460983500523996	96.8	96.9
0.08653846153846154	0.3540910429337387	96.74	96.82
0.08717948717948718	0.3540956719143122	96.74	96.82
0.08782051282051281	0.3426533793726748	96.84	96.94
0.08846153846153847	0.338800784516791	96.95	97.05
0.0891025641025641	0.346471017258314	96.84	96.94
0.08974358974358974	0.341114423099311	96.84	97.09
0.09038461538461538	0.32929056086883146	96.95	97.14
0.09102564102564102	0.3292972562823368	96.96	97.14
0.09166666666666666	0.33511024403684625	96.84	97.05
0.09230769230769231	0.33013256041472894	96.91	97.14
0.09294871794871795	0.3294927588427964	96.91	97.11
0.09358974358974359	0.34053777527810664	96.91	97.05
0.09423076923076923	0.33885729730196706	96.92	97.08
0.09487179487179487	0.33925694906289894	96.92	97.08
0.0955128205128205	0.3379368182782937	96.97	97.06
0.09615384615384616	0.34118647090418236	96.92	97.02
0.0967948717948718	0.3409029614369765	96.92	97.01
0.09743589743589744	0.3315080727293739	96.92	97.02
0.09807692307692308	0.3334043374949187	97.01	97.09
0.09871794871794871	0.3181315993686369	97.1	97.29
0.09935897435897435	0.3313750047013837	97.1	97.22
0.1	0.3314095022771321	97.1	97.22
0.10064102564102564	0.32223583044701476	97.23	97.3
0.10128205128205128	0.3194957216921356	97.23	97.36
0.10192307692307692	0.33176591107645087	97.1	97.33
0.10256410256410256	0.33544761534073647	96.98	97.2
0.1032051282051282	0.33544761534073647	96.98	97.2
0.10384615384615385	0.3313362862929567	96.98	97.2
0.10448717948717949	0.32835124836840135	96.98	97.16
0.10512820512820513	0.3428663120564394	96.91	97.0
0.10576923076923077	0.34578567163862767	96.9	96.98
0.1064102564102564	0.3365199953863937	96.9	97.05
0.10705128205128205	0.3430435953953366	96.95	97.13
0.1076923076923077	0.3430799435897441	96.95	97.11
0.10833333333333334	0.3438100478110594	96.95	97.1
0.10897435897435898	0.34060492877175425	96.96	97.12
0.10961538461538461	0.335825143311302	96.96	97.12
0.11025641025641025	0.34098403050282733	96.96	97.1
0.11089743589743589	0.3417546917985637	96.95	96.99
0.11153846153846154	0.3368328387363185	97.0	97.1
0.11217948717948718	0.3296993476057104	97.02	97.21
0.11282051282051282	0.33010202008229844	97.02	97.16
0.11346153846153846	0.3347436588363486	97.02	97.14
0.1141025641025641	0.3355287775014763	96.94	97.21
0.11474358974358974	0.3283594576699177	96.94	97.17
0.11538461538461539	0.3406196247665095	96.93	97.11
0.11602564102564103	0.34432490831482593	96.91	97.0
0.11666666666666667	0.32792558832057944	97.07	97.28
0.11730769230769231	0.3254934556490027	97.08	97.35
0.11794871794871795	0.31020339144472714	97.33	97.52
0.11858974358974358	0.31593967672902395	97.34	97.51
0.11923076923076924	0.3038323473817292	97.38	97.6
0.11987179487179488	0.3081954483983315	97.42	97.5
0.12051282051282051	0.289071917902492	97.49	97.74
0.12115384615384615	0.2887656533223525	97.74	97.89
0.12179487179487179	0.2785550755616281	97.87	97.98
0.12243589743589743	0.2757439159952369	97.87	97.94
0.12307692307692308	0.26169028517220067	98.04	98.12
0.12371794871794872	0.2617013737159624	98.04	98.12
0.12435897435897436	0.2631281773274957	98.04	98.12
0.125	0.2638339738805716	98.08	98.12
0.12564102564102564	0.2614945568095554	98.1	98.17
0.12628205128205128	0.2612171302721356	98.13	98.23
0.12692307692307692	0.2557273755957803	98.15	98.24
0.12756410256410255	0.262766592782778	98.06	98.17
0.1282051282051282	0.25512766248320856	98.06	98.22
0.12884615384615383	0.2615148946514906	98.1	98.24
0.1294871794871795	0.25455484703093434	98.15	98.24
0.13012820512820514	0.2708951675777413	98.0	98.17
0.13076923076923078	0.2681125956384434	98.0	98.15
0.13141025641025642	0.2709441356366927	97.9	97.99
0.13205128205128205	0.2879342605150972	97.75	97.9
0.1326923076923077	0.29221453514851414	97.45	97.72
0.13333333333333333	0.3071687133690219	97.48	97.66
0.13397435897435897	0.30156865162243146	97.48	97.63
0.1346153846153846	0.30264213658260253	97.48	97.63
0.13525641025641025	0.30264213658260253	97.48	97.63
0.1358974358974359	0.31013908875808277	97.36	97.53
0.13653846153846153	0.3188173647005326	97.26	97.49
0.1371794871794872	0.30739638230190186	97.3	97.48
0.13782051282051283	0.30739638230190186	97.3	97.47
0.13846153846153847	0.3202542369929653	97.3	97.47
0.1391025641025641	0.3137957141832439	97.3	97.47
0.13974358974358975	0.3152655529292467	97.3	97.46
0.14038461538461539	0.31527111364906624	97.3	97.45
0.14102564102564102	0.31113303482666327	97.26	97.44
0.14166666666666666	0.30976779628705775	97.27	97.47
0.1423076923076923	0.31655864923380134	97.27	97.45
0.14294871794871794	0.31482854071765626	97.38	97.58
0.14358974358974358	0.30840843069686236	97.38	97.58
0.14423076923076922	0.30878356002668944	97.38	97.57
0.14487179487179488	0.30561303330759654	97.39	97.65
0.14551282051282052	0.30633664787070974	97.39	97.63
0.14615384615384616	0.306340396980725	97.39	97.63
0.1467948717948718	0.2978244355219765	97.39	97.63
0.14743589743589744	0.30638170444789564	97.39	97.63
0.14807692307692308	0.30140615980150104	97.45	97.63
0.14871794871794872	0.3053471393286952	97.46	97.59
0.14935897435897436	0.30287612748162596	97.46	97.56
0.15	0.3172448868878007	97.35	97.36
0.15064102564102563	0.3188251212986774	97.33	97.59
0.15128205128205127	0.3188251212986774	97.33	97.58
0.1519230769230769	0.31997661449781134	97.26	97.49
0.15256410256410258	0.31641553407059053	97.26	97.46
0.15320512820512822	0.321826152181971	97.27	97.36
0.15384615384615385	0.31340341519330805	97.33	97.49
0.1544871794871795	0.3120447039237738	97.33	97.46
0.15512820512820513	0.31205546436739723	97.33	97.44
0.15576923076923077	0.31852560053512957	97.33	97.38
0.1564102564102564	0.31785452556000454	97.35	97.57
0.15705128205128205	0.31578462251631734	97.33	97.45
0.1576923076923077	0.3194613048700132	97.29	97.37
0.15833333333333333	0.316493513135453	97.35	97.42
0.15897435897435896	0.31635714487004774	97.35	97.42
0.1596153846153846	0.3110617673926218	97.42	97.46
0.16025641025641027	0.31362706252473543	97.36	97.47
0.1608974358974359	0.3147306356796081	97.36	97.46
0.16153846153846155	0.3190968299536487	97.29	97.47
0.1621794871794872	0.3227583544839798	97.24	97.34
0.16282051282051282	0.32707481764350427	97.18	97.31
0.16346153846153846	0.3315203655248094	97.11	97.18
0.1641025641025641	0.32009173894509846	97.22	97.34
0.16474358974358974	0.3199280110134257	97.28	97.41
0.16538461538461538	0.32532061906532117	97.18	97.4
0.16602564102564102	0.32938983737435096	97.18	97.33
0.16666666666666666	0.3300410365324766	97.09	97.32
0.1673076923076923	0.3311317812100331	97.09	97.29
0.16794871794871793	0.3362162982374211	97.09	97.17
0.1685897435897436	0.33588376197586245	97.09	97.16
0.16923076923076924	0.3337585851470564	97.1	97.21
0.16987179487179488	0.33057424091233506	97.1	97.3
0.17051282051282052	0.3313009512599627	97.11	97.27
0.17115384615384616	0.3223981081271314	97.27	97.36
0.1717948717948718	0.3215994512598388	97.27	97.39
0.17243589743589743	0.3221293806683325	97.28	97.39
0.17307692307692307	0.32252951204452457	97.25	97.38
0.1737179487179487	0.3229025810259804	97.25	97.38
0.17435897435897435	0.3265320292534286	97.26	97.36
0.175	0.32624516436188045	97.2	97.36
0.17564102564102563	0.33453931568478934	97.14	97.2
0.1762820512820513	0.3360140420301079	97.09	97.17
0.17692307692307693	0.3374753782834555	97.06	97.13
0.17756410256410257	0.3302522412089404	97.07	97.23
0.1782051282051282	0.3312495425696786	97.08	97.32
0.17884615384615385	0.32285752929292594	97.26	97.37
0.1794871794871795	0.32808420639190145	97.15	97.37
0.18012820512820513	0.3343908650449609	97.15	97.36
0.18076923076923077	0.32831605964263794	97.15	97.34
0.1814102564102564	0.32868102289363704	97.15	97.32
0.18205128205128204	0.3294328377131668	97.16	97.3
0.18269230769230768	0.3292796792296029	97.16	97.31
0.18333333333333332	0.33458641247490006	97.09	97.2
0.183974358974359	0.3353566336290648	97.15	97.22
0.18461538461538463	0.3473929685175097	96.91	97.06
0.18525641025641026	0.34849365347743017	96.91	97.03
0.1858974358974359	0.3460252332500845	96.92	97.08
0.18653846153846154	0.3421020931189745	97.03	97.09
0.18717948717948718	0.34212147114965535	97.03	97.09
0.18782051282051282	0.3436015791275476	97.03	97.09
0.18846153846153846	0.32792306079196526	97.16	97.36
0.1891025641025641	0.328334158500203	97.2	97.36
0.18974358974358974	0.31870414867480124	97.26	97.39
0.19038461538461537	0.32375494381830155	97.32	97.4
0.191025641025641	0.3181146528450604	97.32	97.4
0.19166666666666668	0.33458571835653567	97.16	97.33
0.19230769230769232	0.32314028494479546	97.16	97.33
0.19294871794871796	0.3295884474228877	97.16	97.32
0.1935897435897436	0.32640425580229554	97.17	97.4
0.19423076923076923	0.33179400478114124	97.16	97.29
0.19487179487179487	0.33072435150482926	97.16	97.28
0.1955128205128205	0.3311051730369849	97.16	97.28
0.19615384615384615	0.3304103949917881	97.17	97.29
0.1967948717948718	0.30841460798148823	97.35	97.73
0.19743589743589743	0.31075120941977197	97.35	97.71
0.19807692307692307	0.299900936935063	97.35	97.7
0.1987179487179487	0.30951504972261673	97.37	97.67
0.19935897435897437	0.30952591419441516	97.38	97.67
0.2	0.30952607612267247	97.38	97.66
0.20064102564102565	0.30952607612267247	97.38	97.66
0.2012820512820513	0.31917027817733984	97.41	97.66
0.20192307692307693	0.32566298263147214	97.28	97.4
0.20256410256410257	0.33945569108229695	97.06	97.4
0.2032051282051282	0.34095612720869334	97.06	97.1
0.20384615384615384	0.3424220782545248	97.06	97.25
0.20448717948717948	0.3424220782545248	97.06	97.17
0.20512820512820512	0.33237711629149463	97.12	97.31
0.20576923076923076	0.3320228384828439	97.12	97.31
0.2064102564102564	0.3252200768652351	97.14	97.33
0.20705128205128207	0.3288038813613015	97.14	97.32
0.2076923076923077	0.3309596425985673	97.14	97.32
0.20833333333333334	0.3367098849832586	97.14	97.32
0.20897435897435898	0.3367114241732864	97.14	97.3
0.20961538461538462	0.3367150971987702	97.14	97.28
0.21025641025641026	0.33601425374154276	97.15	97.27
0.2108974358974359	0.34106055647800865	97.06	97.09
0.21153846153846154	0.35482391722526924	96.9	97.07
0.21217948717948718	0.3541196712508017	96.9	97.07
0.2128205128205128	0.3541235323794312	96.9	97.06
0.21346153846153845	0.34912682528321554	96.98	97.02
0.2141025641025641	0.3484569169816229	96.98	96.99
0.21474358974358973	0.34919568964627273	96.9	96.99
0.2153846153846154	0.3542496159961617	96.9	96.99
0.21602564102564104	0.3392341385905864	97.06	97.14
0.21666666666666667	0.34287011642345605	97.06	97.11
0.2173076923076923	0.34072122745036226	97.06	97.1
0.21794871794871795	0.33859707875182765	97.06	97.13
0.2185897435897436	0.3429423786675517	97.06	97.12
0.21923076923076923	0.3400708741750195	97.06	97.12
0.21987179487179487	0.3436695654790636	97.06	97.12
0.2205128205128205	0.34367424391355655	97.06	97.12
0.22115384615384615	0.3436804128691616	97.03	97.11
0.22179487179487178	0.3552532434677311	96.9	96.91
0.22243589743589742	0.3727432662015294	96.56	96.66
0.2230769230769231	0.38217248804309406	96.49	96.72
0.22371794871794873	0.36840001388308125	96.51	96.72
0.22435897435897437	0.36918569186792805	96.71	96.8
0.225	0.36413250763437494	96.77	96.87
0.22564102564102564	0.36777726547753486	96.71	96.75
0.22628205128205128	0.3685333203343692	96.62	96.75
0.22692307692307692	0.3699889125673233	96.62	96.75
0.22756410256410256	0.36640274955610547	96.64	96.75
0.2282051282051282	0.369309140667483	96.64	96.75
0.22884615384615384	0.3664176115182783	96.65	96.75
0.22948717948717948	0.3664176115182783	96.65	96.75
0.23012820512820512	0.3729402587460022	96.65	96.74
0.23076923076923078	0.39482903380641804	96.3	96.42
0.23141025641025642	0.4131476948824466	96.1	96.39
0.23205128205128206	0.41096381960670736	96.13	96.32
0.2326923076923077	0.4065664593071406	96.1	96.27
0.23333333333333334	0.4197943042117731	96.0	96.14
0.23397435897435898	0.42201429296638315	95.89	96.08
0.23461538461538461	0.43161121971443667	95.77	95.95
0.23525641025641025	0.43384093561545733	95.77	95.9
0.2358974358974359	0.4371914318952178	95.75	95.8
0.23653846153846153	0.4213938401615947	95.87	96.05
0.23717948717948717	0.41919742615727146	95.93	96.13
0.2378205128205128	0.41190148666798665	95.95	96.13
0.23846153846153847	0.42217221966969154	95.98	96.13
0.2391025641025641	0.4221931350569375	95.98	96.13
0.23974358974358975	0.4240508327524884	95.93	96.03
0.2403846153846154	0.4229571530226433	95.93	96.03
0.24102564102564103	0.4429082904944675	95.6	95.82
0.24166666666666667	0.44180739474000175	95.63	95.82
0.2423076923076923	0.43557535288763527	95.76	95.86
0.24294871794871795	0.43490911731870274	95.76	95.82
0.24358974358974358	0.42110664389541796	95.92	96.01
0.24423076923076922	0.4173097386844551	96.05	96.3
0.24487179487179486	0.41659700351351314	95.91	96.21
0.2455128205128205	0.43575863407393856	95.77	95.98
0.24615384615384617	0.43947161218723063	95.62	95.83
0.2467948717948718	0.44169703196264365	95.63	95.82
0.24743589743589745	0.4336058471572602	95.65	95.83
0.24807692307692308	0.43803616741100804	95.73	95.83
0.24871794871794872	0.44179235655437404	95.65	95.81
0.24935897435897436	0.442202625294447	95.65	95.8
0.25	0.4425768511911807	95.65	95.79
0.25064102564102564	0.4448028920646904	95.65	95.73
0.2512820512820513	0.4418692540359366	95.65	95.73
0.2519230769230769	0.44485780709817285	95.65	95.73
0.25256410256410255	0.44488327985998544	95.65	95.73
0.2532051282051282	0.4448837902550434	95.65	95.73
0.25384615384615383	0.4463848643888177	95.65	95.69
0.25448717948717947	0.44638636411133925	95.65	95.69
0.2551282051282051	0.4463868603895594	95.65	95.69
0.25576923076923075	0.4472521226637243	95.63	95.66
0.2564102564102564	0.4402434145295948	95.67	95.85
0.257051282051282	0.43618980150372044	95.76	95.84
0.25769230769230766	0.42298745729840037	96.0	96.03
0.25833333333333336	0.42342033455165395	95.94	96.03
0.258974358974359	0.4319429777271197	95.79	95.95
0.25961538461538464	0.4393390397811927	95.7	95.84
0.2602564102564103	0.4426720800114846	95.61	95.84
0.2608974358974359	0.44267857465278954	95.61	95.82
0.26153846153846155	0.4434243111128416	95.61	95.82
0.2621794871794872	0.44936701203741164	95.61	95.82
0.26282051282051283	0.4445541802501931	95.61	95.78
0.26346153846153847	0.4486427290366226	95.6	95.69
0.2641025641025641	0.44680502819969625	95.65	95.75
0.26474358974358975	0.4453350673129261	95.64	95.74
0.2653846153846154	0.4460773910411731	95.64	95.71
0.266025641025641	0.4490515961971344	95.6	95.68
0.26666666666666666	0.4476311190477497	95.55	95.66
0.2673076923076923	0.4509996144119276	95.55	95.68
0.26794871794871794	0.45508991407561455	95.55	95.66
0.2685897435897436	0.4521213827901283	95.55	95.64
0.2692307692307692	0.45956001376298644	95.5	95.54
0.26987179487179486	0.4729804310515454	95.3	95.48
0.2705128205128205	0.46850996407555257	95.3	95.46
0.27115384615384613	0.474502061175571	95.29	95.34
0.2717948717948718	0.4939747395798471	95.03	95.15
0.2724358974358974	0.4849812412643067	95.15	95.16
0.27307692307692305	0.4969813079690422	95.0	95.15
0.27371794871794874	0.4921073052459443	95.0	95.13
0.2743589743589744	0.510541404846479	94.78	94.94
0.275	0.5184672282566261	94.65	94.75
0.27564102564102566	0.5180881510137731	94.65	94.73
0.2762820512820513	0.5127928615747492	94.68	94.82
0.27692307692307694	0.5120361709073432	94.75	94.87
0.2775641025641026	0.512034961002264	94.73	94.86
0.2782051282051282	0.517697919551775	94.68	94.76
0.27884615384615385	0.5339703769859779	94.5	94.68
0.2794871794871795	0.523349346669066	94.5	94.65
0.28012820512820513	0.5233476305647596	94.5	94.65
0.28076923076923077	0.5347139607641845	94.5	94.65
0.2814102564102564	0.5290290524447829	94.5	94.65
0.28205128205128205	0.5583235283551341	94.16	94.34
0.2826923076923077	0.5609916640400522	94.02	94.28
0.2833333333333333	0.5602247622225494	94.05	94.23
0.28397435897435896	0.5529511226686525	94.17	94.28
0.2846153846153846	0.5560050157188947	94.17	94.26
0.28525641025641024	0.5636407222728904	94.05	94.25
0.2858974358974359	0.561343606148082	94.05	94.16
0.2865384615384615	0.5705242289293647	94.02	94.15
0.28717948717948716	0.5639896007285597	94.02	94.21
0.2878205128205128	0.5658911083986524	94.0	94.18
0.28846153846153844	0.5590009338533592	94.01	94.18
0.28910256410256413	0.5566477694490887	94.08	94.36
0.28974358974358977	0.5469321772467645	94.07	94.33
0.2903846153846154	0.5577927149064176	94.07	94.32
0.29102564102564105	0.5399280193482073	94.23	94.43
0.2916666666666667	0.5399280193482073	94.3	94.43
0.2923076923076923	0.5345246764333325	94.35	94.51
0.29294871794871796	0.5402248038633376	94.35	94.5
0.2935897435897436	0.5386682928971546	94.35	94.54
0.29423076923076924	0.5379062757649096	94.37	94.54
0.2948717948717949	0.5356202371341564	94.37	94.6
0.2955128205128205	0.5276479815875101	94.37	94.6
0.29615384615384616	0.5325752799783403	94.45	94.6
0.2967948717948718	0.5276395587023748	94.45	94.73
0.29743589743589743	0.527633299916279	94.45	94.74
0.2980769230769231	0.5347197606652186	94.55	94.74
0.2987179487179487	0.5303235420747442	94.47	94.72
0.29935897435897435	0.5272085183866915	94.47	94.72
0.3	0.5205887098905725	94.6	94.71
0.3006410256410256	0.5139462031085851	94.68	94.81
0.30128205128205127	0.5071506662836618	94.6	94.87
0.3019230769230769	0.5130109918554698	94.6	94.77
0.30256410256410254	0.5056402465781076	94.83	94.97
0.3032051282051282	0.4943552397434004	94.88	95.03
0.3038461538461538	0.5020615302814957	94.88	95.03
0.30448717948717946	0.5230042604822686	94.64	94.81
0.30512820512820515	0.5211787427643527	94.6	94.81
0.3057692307692308	0.5207138132445979	94.52	94.8
0.30641025641025643	0.5229831846475704	94.52	94.8
0.30705128205128207	0.5214681727254965	94.65	94.8
0.3076923076923077	0.5214681727254965	94.67	94.8
0.30833333333333335	0.5116434099606504	94.67	94.75
0.308974358974359	0.5146591812719287	94.75	94.82
0.3096153846153846	0.5033520451477452	94.75	94.91
0.31025641025641026	0.5116364168300885	94.75	94.91
0.3108974358974359	0.5123892559245735	94.77	94.86
0.31153846153846154	0.5105022765355686	94.77	94.86
0.3121794871794872	0.5010836139446889	94.89	94.96
0.3128205128205128	0.49957899656320587	94.9	94.99
0.31346153846153846	0.5078603486399035	94.84	94.89
0.3141025641025641	0.5111846805692999	94.76	94.86
0.31474358974358974	0.5108748093748311	94.77	94.86
0.3153846153846154	0.516157382487368	94.69	94.84
0.316025641025641	0.5144696470923855	94.7	94.81
0.31666666666666665	0.5063359851395621	94.7	94.87
0.3173076923076923	0.5063359851395621	94.7	94.87
0.31794871794871793	0.5127470262747524	94.7	94.87
0.31858974358974357	0.5127470262747524	94.7	94.87
0.3192307692307692	0.512744866843544	94.7	94.87
0.31987179487179485	0.5199200163706369	94.67	94.77
0.32051282051282054	0.5212183415448042	94.67	94.76
0.3211538461538462	0.5184039400709467	94.67	94.76
0.3217948717948718	0.5206729151115732	94.67	94.76
0.32243589743589746	0.5236919813043667	94.62	94.71
0.3230769230769231	0.5252028515191032	94.57	94.71
0.32371794871794873	0.5263391390635042	94.57	94.71
0.3243589743589744	0.5244406251725631	94.5	94.63
0.325	0.5293659535919422	94.5	94.63
0.32564102564102565	0.5229001579213176	94.51	94.74
0.3262820512820513	0.5229001579213176	94.52	94.74
0.3269230769230769	0.5202374362585332	94.62	94.85
0.32756410256410257	0.5085293255699138	94.63	94.85
0.3282051282051282	0.5032500651320037	94.84	94.92
0.32884615384615384	0.48509112539269994	95.0	95.28
0.3294871794871795	0.4747628961442655	95.21	95.37
0.3301282051282051	0.4702841114460291	95.22	95.37
0.33076923076923076	0.47403193823077294	95.23	95.37
0.3314102564102564	0.4688090418230551	95.23	95.37
0.33205128205128204	0.4613836851737531	95.34	95.5
0.3326923076923077	0.4652412764016047	95.34	95.5
0.3333333333333333	0.47032567754039084	95.34	95.5
0.33397435897435895	0.47032567754039084	95.34	95.49
0.3346153846153846	0.4661891408092386	95.34	95.46
0.33525641025641023	0.4822908629124469	95.12	95.29
0.33589743589743587	0.48678628836297133	95.12	95.18
0.33653846153846156	0.4830416438240705	95.13	95.29
0.3371794871794872	0.4807984700798783	95.13	95.29
0.33782051282051284	0.4748199694452206	95.17	95.37
0.3384615384615385	0.4759428896680228	95.18	95.37
0.3391025641025641	0.4748225146551047	95.18	95.37
0.33974358974358976	0.5015904883579879	95.22	95.43
0.3403846153846154	0.4763189989971316	95.22	95.42
0.34102564102564104	0.47631921082951895	95.26	95.42
0.3416666666666667	0.4763196344829249	95.26	95.4
0.3423076923076923	0.4752887257035261	95.28	95.33
0.34294871794871795	0.47558822942702356	95.28	95.35
0.3435897435897436	0.4699960297817864	95.28	95.47
0.34423076923076923	0.4699960297817864	95.28	95.46
0.34487179487179487	0.4748492564977133	95.28	95.45
0.3455128205128205	0.47858700518150016	95.23	95.33
0.34615384615384615	0.48532454320748936	95.13	95.22
0.3467948717948718	0.4928247064891394	94.98	95.14
0.3474358974358974	0.49800862381150257	94.98	95.14
0.34807692307692306	0.4973324308498993	94.98	95.14
0.3487179487179487	0.4980846307325549	94.9	95.01
0.34935897435897434	0.5071171992785375	94.83	95.0
0.35	0.5086248424505743	94.83	95.0
0.3506410256410256	0.5071169534348302	94.83	94.88
0.35128205128205126	0.5259980504487437	94.61	94.8
0.35192307692307695	0.5256160791379356	94.61	94.8
0.3525641025641026	0.5403985601059998	94.41	94.52
0.3532051282051282	0.538873898470358	94.36	94.52
0.35384615384615387	0.552584130480141	94.25	94.4
0.3544871794871795	0.552582764550535	94.25	94.39
0.35512820512820514	0.5157549904450478	94.01	94.24
0.3557692307692308	0.5724316265454756	94.0	94.22
0.3564102564102564	0.570857581298045	94.0	94.13
0.35705128205128206	0.5692869057601146	94.0	94.06
0.3576923076923077	0.582329329901522	93.79	93.96
0.35833333333333334	0.5850161708171013	93.72	93.95
0.358974358974359	0.5830622360301403	93.86	93.87
0.3596153846153846	0.5757155885469508	93.86	94.05
0.36025641025641025	0.5726276937461301	93.86	94.05
0.3608974358974359	0.5726276937461301	93.86	94.05
0.36153846153846153	0.5718716152004679	93.86	94.05
0.36217948717948717	0.5718626606386457	93.96	94.05
0.3628205128205128	0.5683813228171681	94.0	94.1
0.36346153846153845	0.5752747894056676	93.9	94.09
0.3641025641025641	0.5657300499101033	93.9	94.09
0.3647435897435897	0.5798665915724227	93.9	94.09
0.36538461538461536	0.5718022603133536	93.92	94.09
0.366025641025641	0.5729506575670043	93.96	94.09
0.36666666666666664	0.5652757432854185	93.97	94.09
0.36730769230769234	0.5737118812006348	93.97	94.09
0.367948717948718	0.5721520555603816	93.9	94.01
0.3685897435897436	0.5752019666453584	93.9	94.01
0.36923076923076925	0.5755814235272616	93.9	94.01
0.3698717948717949	0.5755780974811279	93.9	94.01
0.37051282051282053	0.5790363421082249	93.9	94.01
0.37115384615384617	0.5759561083514952	93.9	94.0
0.3717948717948718	0.5774233873080558	93.85	93.95
0.37243589743589745	0.5758843090577594	93.85	93.95
0.3730769230769231	0.5796586466089536	93.85	93.95
0.3737179487179487	0.5770346174175517	93.86	93.94
0.37435897435897436	0.5751082358258238	93.87	93.99
0.375	0.5751062530873965	93.87	93.99
0.37564102564102564	0.5788899867545918	93.9	94.01
0.3762820512820513	0.5754304145077013	93.9	94.01
0.3769230769230769	0.5711919860605925	93.99	94.06
0.37756410256410255	0.5629243596256173	94.07	94.16
0.3782051282051282	0.5589035345558779	94.12	94.2
0.37884615384615383	0.5557301866390818	94.19	94.22
0.37948717948717947	0.5565947350450299	94.19	94.25
0.3801282051282051	0.5497152480726967	94.28	94.33
0.38076923076923075	0.5466566331006375	94.33	94.36
0.3814102564102564	0.5360039004073569	94.4	94.47
0.382051282051282	0.5405623443597799	94.4	94.47
0.38269230769230766	0.5451120418694043	94.35	94.41
0.38333333333333336	0.5428251811840331	94.35	94.41
0.383974358974359	0.5409118785056038	94.36	94.45
0.38461538461538464	0.5359552445461391	94.38	94.47
0.3852564102564103	0.5283587899715531	94.48	94.66
0.3858974358974359	0.5207818376533656	94.63	94.73
0.38653846153846155	0.520024327448915	94.65	94.73
0.3871794871794872	0.5162323551569976	94.57	94.73
0.38782051282051283	0.5222828125227162	94.57	94.73
0.38846153846153847	0.5207621733388286	94.53	94.68
0.3891025641025641	0.5199947790104571	94.67	94.73
0.38974358974358975	0.5184734234534768	94.63	94.73
0.3903846153846154	0.5192268645238025	94.64	94.73
0.391025641025641	0.5203579744834156	94.63	94.72
0.39166666666666666	0.5256373195351401	94.57	94.64
0.3923076923076923	0.52297812628032	94.57	94.68
0.39294871794871794	0.52297812628032	94.63	94.68
0.3935897435897436	0.5207034501484626	94.63	94.71
0.3942307692307692	0.50936749624088	94.77	94.87
0.39487179487179486	0.5089874152691254	94.77	94.87
0.3955128205128205	0.5037086397756491	94.87	94.92
0.39615384615384613	0.5040801440072727	94.87	94.91
0.3967948717948718	0.4958036129322016	94.91	95.15
0.3974358974358974	0.4950523408363902	95.0	95.15
0.39807692307692305	0.4895197922586005	95.0	95.14
0.39871794871794874	0.51046646569925	94.72	94.9
0.3993589743589744	0.5074492991290332	94.73	94.96
0.4	0.507449233948964	94.73	94.96
0.40064102564102566	0.49882729008924515	94.82	94.96
0.4012820512820513	0.498037946869589	94.91	95.03
0.40192307692307694	0.49803822135212333	94.91	95.03
0.4025641025641026	0.5010471220730565	94.92	95.03
0.4032051282051282	0.5021759906623438	94.83	94.95
0.40384615384615385	0.5040554970060407	94.83	94.95
0.4044871794871795	0.4995385229544485	94.84	95.0
0.40512820512820513	0.498786445210117	94.84	94.99
0.40576923076923077	0.5078208901275205	94.77	94.91
0.4064102564102564	0.5063125025390028	94.71	94.9
0.40705128205128205	0.5104584110048053	94.72	94.9
0.4076923076923077	0.5115898480947285	94.71	94.88
0.4083333333333333	0.506310162200223	94.71	94.86
0.40897435897435896	0.5130977781244966	94.69	94.85
0.4096153846153846	0.5138494029599852	94.71	94.82
0.41025641025641024	0.5138466348220219	94.71	94.81
0.4108974358974359	0.5138411568527944	94.71	94.8
0.4115384615384615	0.5312195860618909	94.44	94.73
0.41217948717948716	0.5326647731029734	94.52	94.72
0.4128205128205128	0.5326647731029734	94.52	94.72
0.41346153846153844	0.5311529035148639	94.56	94.72
0.41410256410256413	0.5234486370281196	94.57	94.67
0.41474358974358977	0.5253294068377422	94.56	94.67
0.4153846153846154	0.5219193185664815	94.59	94.68
0.41602564102564105	0.5241869357218197	94.57	94.68
0.4166666666666667	0.5257006105902069	94.59	94.68
0.4173076923076923	0.5302253669377591	94.52	94.54
0.41794871794871796	0.5328490421149986	94.47	94.54
0.4185897435897436	0.5294252628799674	94.54	94.59
0.41923076923076924	0.5301829123275714	94.51	94.59
0.4198717948717949	0.531697117646983	94.54	94.59
0.4205128205128205	0.5332087665954542	94.47	94.54
0.42115384615384616	0.5328265563189133	94.47	94.54
0.4217948717948718	0.5347231940828752	94.47	94.54
0.42243589743589743	0.5347205033188873	94.47	94.54
0.4230769230769231	0.5377579937689705	94.41	94.45
0.4237179487179487	0.5705762132583935	94.0	94.15
0.42435897435897435	0.5713238920193244	93.99	94.11
0.425	0.57051143332044	94.0	94.09
0.4256410256410256	0.5705084022492459	94.0	94.09
0.42628205128205127	0.5697361295009318	94.01	94.09
0.4269230769230769	0.5666413823232499	94.02	94.13
0.42756410256410254	0.5623126247472928	94.06	94.13
0.4282051282051282	0.5681527714274829	94.04	94.13
0.4288461538461538	0.5681527714274829	94.04	94.13
0.42948717948717946	0.5765796888268865	93.87	94.06
0.43012820512820515	0.5842564560033018	93.82	93.97
0.4307692307692308	0.5865562876852815	93.75	93.88
0.43141025641025643	0.5896303299926134	93.72	93.82
0.43205128205128207	0.5981104600313532	93.64	93.75
0.4326923076923077	0.595251301249347	93.6	93.75
0.43333333333333335	0.6019497051275512	93.6	93.75
0.433974358974359	0.6050359689187145	93.5	93.6
0.4346153846153846	0.592561499309526	93.65	93.78
0.43525641025641026	0.5779139046333548	93.85	94.06
0.4358974358974359	0.573295140539282	93.87	93.98
0.43653846153846154	0.5789723978345932	93.87	93.98
0.4371794871794872	0.5901402528258147	93.73	93.87
0.4378205128205128	0.5901387097566423	93.74	93.79
0.43846153846153846	0.5870507818052757	93.74	93.8
0.4391025641025641	0.5887918282571827	93.74	93.8
0.43974358974358974	0.614891457615491	93.36	93.51
0.4403846153846154	0.6187744503867589	93.36	93.48
0.441025641025641	0.6039840401793088	93.49	93.59
0.44166666666666665	0.6101769640703917	93.45	93.64
0.4423076923076923	0.6048955343944145	93.43	93.66
0.44294871794871793	0.6048955343944145	93.44	93.64
0.44358974358974357	0.6048955343944145	93.45	93.64
0.4442307692307692	0.6327177265298566	93.19	93.32
0.44487179487179485	0.6186228916123886	93.32	93.39
0.44551282051282054	0.6201702282213913	93.33	93.39
0.4461538461538462	0.5898598510033932	93.55	93.84
0.4467948717948718	0.5859868793126003	93.61	93.84
0.44743589743589746	0.5852027045523658	93.62	93.8
0.4480769230769231	0.5852027045523658	93.62	93.8
0.44871794871794873	0.592911961488689	93.62	93.8
0.4493589743589744	0.592911961488689	93.62	93.8
0.45	0.5936245956279058	93.65	93.75
0.45064102564102565	0.6028928710342817	93.57	93.59
0.4512820512820513	0.6036067260257068	93.56	93.65
0.4519230769230769	0.6036067260257068	93.56	93.65
0.45256410256410257	0.5989613476571323	93.56	93.65
0.4532051282051282	0.6198655785341507	93.36	93.52
0.45384615384615384	0.6132572853545495	93.36	93.51
0.4544871794871795	0.6100000848089382	93.41	93.51
0.4551282051282051	0.5995486099980998	93.57	93.64
0.45576923076923076	0.5949010303898918	93.58	93.72
0.4564102564102564	0.5779225557302555	93.81	93.97
0.45705128205128204	0.5687017812029654	93.97	94.14
0.4576923076923077	0.5594644378538416	94.13	94.29
0.4583333333333333	0.5526617819411339	94.13	94.23
0.45897435897435895	0.5556325027635933	94.13	94.23
0.4596153846153846	0.5602194092627263	94.13	94.23
0.46025641025641023	0.5548730083616175	94.13	94.2
0.46089743589743587	0.5575391525527388	94.13	94.2
0.46153846153846156	0.5701689380947295	93.87	94.15
0.4621794871794872	0.5767424262290991	93.87	94.15
0.46282051282051284	0.5767424262290991	93.87	94.15
0.4634615384615385	0.5747720383603601	93.93	94.04
0.4641025641025641	0.5739966882152927	93.94	94.14
0.46474358974358976	0.5739930884261941	93.94	94.14
0.4653846153846154	0.5793692233314524	93.87	94.06
0.46602564102564104	0.5793672956654208	93.87	94.06
0.4666666666666667	0.5916838318778931	93.51	93.85
0.4673076923076923	0.5994064383423214	93.53	93.84
0.46794871794871795	0.5943784466719959	93.54	93.82
0.4685897435897436	0.5847292594580416	93.54	93.81
0.46923076923076923	0.6055777483636753	93.54	93.8
0.46987179487179487	0.5986164219186466	93.55	93.79
0.4705128205128205	0.5986119603719098	93.55	93.77
0.47115384615384615	0.6086308586417609	93.48	93.69
0.4717948717948718	0.6070762299333576	93.48	93.63
0.4724358974358974	0.610141933957946	93.48	93.53
0.47307692307692306	0.6101260757959973	93.48	93.52
0.4737179487179487	0.6101220418136047	93.44	93.52
0.47435897435897434	0.6124162334349184	93.44	93.52
0.475	0.6147439096002757	93.4	93.51
0.4756410256410256	0.6120123934375931	93.4	93.51
0.47628205128205126	0.6120066026209208	93.4	93.51
0.47692307692307695	0.6123795327813116	93.45	93.51
0.4775641025641026	0.612378874490144	93.45	93.51
0.4782051282051282	0.6162463719390375	93.4	93.51
0.47884615384615387	0.613716048872354	93.4	93.51
0.4794871794871795	0.6146316190062446	93.41	93.43
0.48012820512820514	0.6161696422041336	93.4	93.41
0.4807692307692308	0.6157260594139405	93.4	93.41
0.4814102564102564	0.6153186878940535	93.4	93.43
0.48205128205128206	0.6156875533694003	93.4	93.41
0.4826923076923077	0.6146888327579413	93.41	93.43
0.48333333333333334	0.6245882912401035	93.2	93.39
0.483974358974359	0.6300154294309328	93.21	93.33
0.4846153846153846	0.6300154294309328	93.21	93.33
0.48525641025641025	0.6307946131297081	93.21	93.33
0.4858974358974359	0.6299966252990543	93.21	93.34
0.48653846153846153	0.63035823198991	93.21	93.22
0.48717948717948717	0.639311056926331	93.1	93.16
0.4878205128205128	0.637744401425534	93.11	93.18
0.48846153846153845	0.6352628808236912	93.11	93.18
0.4891025641025641	0.6356501333801083	93.11	93.18
0.4897435897435897	0.6289839343522939	93.17	93.27
0.49038461538461536	0.6125101387094081	93.36	93.52
0.491025641025641	0.6094235714915689	93.44	93.59
0.49166666666666664	0.6016702637690619	93.5	93.59
0.49230769230769234	0.6070125908645525	93.45	93.58
0.492948717948718	0.6066240612766564	93.45	93.58
0.4935897435897436	0.610500389942766	93.48	93.58
0.49423076923076925	0.6054568875224704	93.51	93.58
0.4948717948717949	0.6042800870550435	93.48	93.58
0.49551282051282053	0.612020794042749	93.4	93.49
0.49615384615384617	0.6155016853195951	93.4	93.46
0.4967948717948718	0.6120045766677917	93.4	93.49
0.49743589743589745	0.6077316039964067	93.41	93.54
0.4980769230769231	0.6077316039964067	93.41	93.56
0.4987179487179487	0.6139198966749648	93.41	93.55
0.49935897435897436	0.6139074590272642	93.41	93.55
0.5	0.6200658269464853	93.28	93.35
0.5006410256410256	0.6293689042814556	93.21	93.22
0.5012820512820513	0.6106526936845527	93.26	93.47
0.5019230769230769	0.6160835317600774	93.26	93.42
0.5025641025641026	0.6260508781314958	93.26	93.42
0.5032051282051282	0.6164392186775046	93.32	93.45
0.5038461538461538	0.6164313908242929	93.33	93.45
0.5044871794871795	0.6175856444767396	93.32	93.42
0.5051282051282051	0.6113593393256103	93.42	93.48
0.5057692307692307	0.6105705168703024	93.45	93.54
0.5064102564102564	0.6105705168703024	93.48	93.54
0.507051282051282	0.6532912402739148	92.9	92.94
0.5076923076923077	0.6289106637361719	93.12	93.3
0.5083333333333333	0.6218957271931854	93.13	93.31
0.5089743589743589	0.628091154851936	93.03	93.24
0.5096153846153846	0.636662011308651	93.03	93.23
0.5102564102564102	0.65381924135629	92.9	92.91
0.5108974358974359	0.6318214026868872	92.97	93.2
0.5115384615384615	0.6505837119908386	92.93	93.21
0.5121794871794871	0.637978247018901	92.91	93.11
0.5128205128205128	0.632053846174001	93.04	93.32
0.5134615384615384	0.6323941573253741	92.97	93.23
0.514102564102564	0.6331632828207903	93.04	93.22
0.5147435897435897	0.5873109341549462	93.57	93.75
0.5153846153846153	0.5940165065466585	93.38	93.67
0.5160256410256411	0.6080814201945184	93.47	93.51
0.5166666666666667	0.599491738780796	93.45	93.61
0.5173076923076924	0.6108654271888887	93.41	93.57
0.517948717948718	0.5932183053903761	93.47	93.67
0.5185897435897436	0.5723812038150988	93.68	93.96
0.5192307692307693	0.5843104784626378	93.78	93.96
0.5198717948717949	0.5781061154975734	93.78	93.95
0.5205128205128206	0.5922394831345834	93.55	93.71
0.5211538461538462	0.5929560463905021	93.56	93.85
0.5217948717948718	0.6060961041801581	93.39	93.82
0.5224358974358975	0.6325207391118981	93.05	93.3
0.5230769230769231	0.6403309828523325	93.02	93.19
0.5237179487179487	0.6729604414284888	92.5	92.68
0.5243589743589744	0.6833281839914365	92.5	92.78
0.525	0.6720919565194442	92.56	92.78
0.5256410256410257	0.698999943858177	92.3	92.36
0.5262820512820513	0.7147802261889994	92.09	92.28
0.5269230769230769	0.7163405611461697	92.08	92.2
0.5275641025641026	0.7083101980206701	92.1	92.2
0.5282051282051282	0.7136489930058724	92.1	92.57
0.5288461538461539	0.712707931852412	92.12	92.13
0.5294871794871795	0.7237963161357127	91.92	92.06
0.5301282051282051	0.7116208568727121	92.05	92.16
0.5307692307692308	0.7169686124481904	92.0	92.15
0.5314102564102564	0.7177956204434188	91.91	92.13
0.532051282051282	0.7197688061698034	91.95	92.12
0.5326923076923077	0.7127116246269409	92.04	92.17
0.5333333333333333	0.7136967037722212	92.08	92.17
0.533974358974359	0.7024856951220042	92.14	92.25
0.5346153846153846	0.7070795621376401	92.16	92.36
0.5352564102564102	0.6958881073136576	92.22	92.36
0.5358974358974359	0.7030376423965308	92.24	92.36
0.5365384615384615	0.6974531101229677	92.25	92.36
0.5371794871794872	0.7004181165537053	92.59	92.85
0.5378205128205128	0.7004181165537053	92.48	92.85
0.5384615384615384	0.6660197316369112	92.54	92.84
0.5391025641025641	0.6575023445176539	92.55	92.83
0.5397435897435897	0.6670817988774109	92.55	92.81
0.5403846153846154	0.676214138084466	92.56	92.69
0.541025641025641	0.6767874820836227	92.55	92.6
0.5416666666666666	0.6759421966128913	92.57	92.6
0.5423076923076923	0.6758554521544687	92.57	92.63
0.5429487179487179	0.6730827315444351	92.57	92.64
0.5435897435897435	0.6707027576800222	92.57	92.64
0.5442307692307692	0.6701518375650166	92.58	92.67
0.5448717948717948	0.6724945926957409	92.6	92.69
0.5455128205128205	0.6732623112386438	92.6	92.69
0.5461538461538461	0.6681013598779812	92.6	92.69
0.5467948717948717	0.6716438735121807	92.61	92.69
0.5474358974358975	0.6653198934721727	92.61	92.7
0.5480769230769231	0.6690596724126525	92.61	92.7
0.5487179487179488	0.6652424896966328	92.66	92.73
0.5493589743589744	0.6628618020114555	92.73	92.75
0.55	0.6612784563371994	92.67	92.75
0.5506410256410257	0.6613389344337206	92.67	92.75
0.5512820512820513	0.6675705928344349	92.67	92.75
0.551923076923077	0.6651678389218425	92.66	92.74
0.5525641025641026	0.6639669046618656	92.69	92.74
0.5532051282051282	0.6603609052986066	92.69	92.76
0.5538461538461539	0.661145685100385	92.69	92.76
0.5544871794871795	0.6654764764585148	92.69	92.76
0.5551282051282052	0.6631007771565297	92.69	92.76
0.5557692307692308	0.6623286212283851	92.69	92.76
0.5564102564102564	0.6657189619422469	92.61	92.76
0.5570512820512821	0.6625633974786227	92.63	92.74
0.5576923076923077	0.6688547845598624	92.63	92.74
0.5583333333333333	0.6660923616565351	92.63	92.74
0.558974358974359	0.6628249264227396	92.63	92.74
0.5596153846153846	0.6648647290930378	92.66	92.74
0.5602564102564103	0.6561370399457743	92.76	92.83
0.5608974358974359	0.6529612007735397	92.77	92.86
0.5615384615384615	0.6490253232275315	92.77	92.9
0.5621794871794872	0.6490253232275315	92.77	92.9
0.5628205128205128	0.654518205473981	92.78	92.9
0.5634615384615385	0.6490171363449184	92.84	92.9
0.5641025641025641	0.6521556855574551	92.84	92.9
0.5647435897435897	0.6608953215278605	92.7	92.76
0.5653846153846154	0.6599681463367182	92.7	92.76
0.566025641025641	0.6638907987041345	92.7	92.76
0.5666666666666667	0.663074205057775	92.71	92.77
0.5673076923076923	0.659916193600678	92.71	92.77
0.5679487179487179	0.6646320717522021	92.63	92.77
0.5685897435897436	0.6646306254435038	92.63	92.77
0.5692307692307692	0.66857190484186	92.64	92.77
0.5698717948717948	0.6677746567387648	92.65	92.77
0.5705128205128205	0.6622559560627338	92.66	92.77
0.5711538461538461	0.663433840077614	92.66	92.77
0.5717948717948718	0.6629787066068977	92.67	92.74
0.5724358974358974	0.6641175023385201	92.67	92.74
0.573076923076923	0.6645483642545893	92.65	92.73
0.5737179487179487	0.6842242621435937	92.44	92.57
0.5743589743589743	0.6794662309402602	92.5	92.57
0.575	0.6794560393418092	92.5	92.57
0.5756410256410256	0.6768311195881912	92.51	92.57
0.5762820512820512	0.6829728774830341	92.42	92.51
0.5769230769230769	0.6841342175247229	92.39	92.51
0.5775641025641025	0.6856939267266029	92.39	92.5
0.5782051282051283	0.6896312175384741	92.27	92.39
0.5788461538461539	0.697551530227039	92.23	92.33
0.5794871794871795	0.7022055191195582	92.19	92.22
0.5801282051282052	0.7021853596167879	92.19	92.23
0.5807692307692308	0.7013627428745017	92.19	92.24
0.5814102564102565	0.7037128182305693	92.19	92.25
0.5820512820512821	0.702119007646392	92.2	92.25
0.5826923076923077	0.6997203048139249	92.21	92.25
0.5833333333333334	0.7013089920469144	92.21	92.26
0.583974358974359	0.700507815363907	92.22	92.26
0.5846153846153846	0.7004926045868025	92.22	92.26
0.5852564102564103	0.7044356604830885	92.19	92.25
0.5858974358974359	0.7028418962747572	92.19	92.22
0.5865384615384616	0.7071782492332689	92.1	92.22
0.5871794871794872	0.7115141733241264	92.1	92.22
0.5878205128205128	0.7059180643197196	92.14	92.22
0.5884615384615385	0.7083050468763178	92.1	92.22
0.5891025641025641	0.7054974333336108	92.1	92.22
0.5897435897435898	0.6970484982895966	92.23	92.28
0.5903846153846154	0.6946239653031867	92.23	92.31
0.591025641025641	0.6956543531373708	92.23	92.31
0.5916666666666667	0.7024780870757177	92.22	92.31
0.5923076923076923	0.7024780870757177	92.25	92.31
0.592948717948718	0.7024780870757177	92.25	92.31
0.5935897435897436	0.6953126234715694	92.25	92.31
0.5942307692307692	0.6968998635585433	92.25	92.31
0.5948717948717949	0.7079791885090221	92.14	92.31
0.5955128205128205	0.7103514292398697	92.11	92.26
0.5961538461538461	0.7063569960205069	92.09	92.17
0.5967948717948718	0.7143085811296789	92.03	92.09
0.5974358974358974	0.7094909893299635	92.04	92.11
0.5980769230769231	0.7130769280780518	92.04	92.11
0.5987179487179487	0.7150404315022463	92.05	92.1
0.5993589743589743	0.7118423239320496	92.04	92.1
0.6	0.7182230931110299	92.0	92.04
0.6006410256410256	0.7060941212918966	92.04	92.16
0.6012820512820513	0.7084536016539351	92.12	92.25
0.6019230769230769	0.7007374955939834	92.15	92.25
0.6025641025641025	0.7028608392786005	92.15	92.25
0.6032051282051282	0.699674204675174	92.15	92.25
0.6038461538461538	0.6980697435587994	92.25	92.31
0.6044871794871794	0.6869030292967652	92.34	92.44
0.6051282051282051	0.6837253686430887	92.38	92.5
0.6057692307692307	0.6837253686430887	92.39	92.5
0.6064102564102564	0.6145109392720897	93.2	93.51
0.607051282051282	0.6052305399334922	93.23	93.51
0.6076923076923076	0.6105475364882528	93.25	93.51
0.6083333333333333	0.6019435342243675	93.31	93.51
0.6089743589743589	0.6061957896269569	93.34	93.51
0.6096153846153847	0.609677868057951	93.34	93.5
0.6102564102564103	0.6166493277771408	93.24	93.49
0.610897435897436	0.6150682485135025	93.16	93.49
0.6115384615384616	0.6138980329030022	93.16	93.49
0.6121794871794872	0.6127271901847946	93.17	93.35
0.6128205128205129	0.6212395002175563	93.17	93.31
0.6134615384615385	0.6212395002175563	93.17	93.31
0.6141025641025641	0.6212395002175563	93.17	93.31
0.6147435897435898	0.6196766374183263	93.19	93.31
0.6153846153846154	0.6251192012516841	93.11	93.3
0.6160256410256411	0.6376069964429643	93.01	93.28
0.6166666666666667	0.645422432556113	92.77	93.23
0.6173076923076923	0.6454187545470251	92.76	93.0
0.617948717948718	0.6393366379718034	92.76	93.0
0.6185897435897436	0.6548283318780271	92.79	93.0
0.6192307692307693	0.6548593223459301	92.79	93.0
0.6198717948717949	0.6477559975042524	92.79	92.99
0.6205128205128205	0.6594397929535053	92.73	92.9
0.6211538461538462	0.6601897361530665	92.73	92.81
0.6217948717948718	0.6601776979503319	92.73	92.82
0.6224358974358974	0.6664808530090164	92.63	92.73
0.6230769230769231	0.6641107469557923	92.48	92.73
0.6237179487179487	0.6672532925100945	92.51	92.68
0.6243589743589744	0.6672532925100945	92.53	92.68
0.625	0.6680288285684133	92.61	92.68
0.6256410256410256	0.6695965996696873	92.46	92.65
0.6262820512820513	0.6751231600444325	92.49	92.62
0.6269230769230769	0.6703787084194179	92.46	92.62
0.6275641025641026	0.6743165274024024	92.46	92.6
0.6282051282051282	0.6869761955110683	92.37	92.46
0.6288461538461538	0.6956906628004771	92.22	92.3
0.6294871794871795	0.6940592896290624	92.3	92.35
0.6301282051282051	0.6908532526032577	92.3	92.36
0.6307692307692307	0.6884193143564757	92.34	92.38
0.6314102564102564	0.6923653475084972	92.34	92.38
0.632051282051282	0.6907689685536277	92.31	92.37
0.6326923076923077	0.6768823690016423	92.42	92.55
0.6333333333333333	0.669998314854217	92.53	92.65
0.6339743589743589	0.6659721135738249	92.61	92.74
0.6346153846153846	0.6573019250243699	92.75	92.87
0.6352564102564102	0.6666120424414481	92.35	92.84
0.6358974358974359	0.66778909270182	92.39	92.86
0.6365384615384615	0.6689691051641533	92.37	92.87
0.6371794871794871	0.6681715972974618	92.37	92.87
0.6378205128205128	0.6677755711896529	92.62	92.87
0.6384615384615384	0.6594924997433855	92.63	92.83
0.639102564102564	0.6583100086321058	92.66	92.83
0.6397435897435897	0.6583100086321058	92.66	92.83
0.6403846153846153	0.6594660786042676	92.66	92.83
0.6410256410256411	0.6605989257072623	92.62	92.81
0.6416666666666667	0.6664961753521519	92.62	92.81
0.6423076923076924	0.6601818896405823	92.64	92.81
0.642948717948718	0.6597832197194591	92.64	92.81
0.6435897435897436	0.661734682739602	92.69	92.76
0.6442307692307693	0.6595048107670558	92.69	92.76
0.6448717948717949	0.6703610933429618	92.63	92.75
0.6455128205128206	0.6648115194807009	92.59	92.74
0.6461538461538462	0.6703224335144106	92.58	92.65
0.6467948717948718	0.673477530766486	92.48	92.59
0.6474358974358975	0.6746551494012895	92.48	92.59
0.6480769230769231	0.6734451484527031	92.47	92.59
0.6487179487179487	0.6583746810601043	92.68	92.75
0.6493589743589744	0.6544526724373472	92.69	92.8
0.65	0.6520503890036107	92.73	92.82
0.6506410256410257	0.6488935978569329	92.77	92.92
0.6512820512820513	0.6500650991198909	92.77	92.92
0.6519230769230769	0.6433354463136669	92.79	92.96
0.6525641025641026	0.6425420415271795	92.8	92.96
0.6532051282051282	0.6480315885370057	92.79	92.95
0.6538461538461539	0.6480315885370057	92.79	92.95
0.6544871794871795	0.6456355876627942	92.73	92.91
0.6551282051282051	0.6495292061255427	92.79	92.91
0.6557692307692308	0.638486973072668	92.93	93.02
0.6564102564102564	0.635349600893813	92.98	93.09
0.657051282051282	0.628307600647694	93.04	93.12
0.6576923076923077	0.6267339580335488	93.04	93.14
0.6583333333333333	0.6267319201907955	93.04	93.14
0.658974358974359	0.6220094226301379	93.12	93.2
0.6596153846153846	0.6212244581879581	93.19	93.23
0.6602564102564102	0.6211646417765119	93.19	93.26
0.6608974358974359	0.6227143516216603	93.19	93.26
0.6615384615384615	0.6149231001131686	93.19	93.3
0.6621794871794872	0.6141451212925494	93.19	93.3
0.6628205128205128	0.6219296739880796	93.19	93.3
0.6634615384615384	0.6114106530655087	93.31	93.36
0.6641025641025641	0.6172235155106258	93.25	93.35
0.6647435897435897	0.6141098217295641	93.25	93.35
0.6653846153846154	0.6125442790503735	93.25	93.37
0.666025641025641	0.6102117260860244	93.34	93.37
0.6666666666666666	0.6086481533045802	93.34	93.39
0.6673076923076923	0.5977567042959482	93.41	93.53
0.6679487179487179	0.5892408384709434	93.54	93.62
0.6685897435897435	0.5900127008861551	93.54	93.62
0.6692307692307692	0.5845950371332869	93.66	93.77
0.6698717948717948	0.5845882457084057	93.67	93.77
0.6705128205128205	0.5812388548012625	93.7	93.77
0.6711538461538461	0.5784176132841922	93.7	93.77
0.6717948717948717	0.5822616695934942	93.7	93.77
0.6724358974358975	0.5860820237726648	93.55	93.7
0.6730769230769231	0.6277905927232759	93.55	93.7
0.6737179487179488	0.5930326729872873	93.55	93.69
0.6743589743589744	0.5930279126991269	93.55	93.66
0.675	0.5945333312470471	93.54	93.63
0.6756410256410257	0.5922094760699012	93.55	93.61
0.6762820512820513	0.5798226715031015	93.59	93.76
0.676923076923077	0.5865760535986352	93.69	93.76
0.6775641025641026	0.5774997380571106	93.69	93.8
0.6782051282051282	0.5774977729210916	93.74	93.8
0.6788461538461539	0.5720940847229179	93.75	93.84
0.6794871794871795	0.5682399374228648	93.84	93.92
0.6801282051282052	0.5659329680100106	93.88	93.95
0.6807692307692308	0.5582558974611029	93.97	94.0
0.6814102564102564	0.5620720123662892	93.92	94.02
0.6820512820512821	0.5582292879112045	94.02	94.09
0.6826923076923077	0.5537552535217288	94.03	94.12
0.6833333333333333	0.5567008808548779	94.02	94.08
0.683974358974359	0.5751042707637294	93.68	93.94
0.6846153846153846	0.5674103576996076	93.84	93.9
0.6852564102564103	0.5750813221775408	93.68	93.88
0.6858974358974359	0.572767099923884	93.79	93.88
0.6865384615384615	0.5727538049003654	93.83	93.88
0.6871794871794872	0.5750522677848491	93.7	93.8
0.6878205128205128	0.5711889230173972	93.74	93.87
0.6884615384615385	0.5750084709259587	93.72	93.88
0.6891025641025641	0.5880927967683718	93.51	93.73
0.6897435897435897	0.6058936553992504	92.97	93.4
0.6903846153846154	0.6066207915670866	93.39	93.48
0.691025641025641	0.6128319377313233	93.0	93.38
0.6916666666666667	0.6097222616286642	93.01	93.38
0.6923076923076923	0.6073991560126172	93.0	93.37
0.6929487179487179	0.6190527750578564	92.97	93.24
0.6935897435897436	0.6268390347713517	92.97	93.24
0.6942307692307692	0.6346205915992422	92.95	93.09
0.6948717948717948	0.6344472498618228	92.97	93.07
0.6955128205128205	0.6288747314735414	93.04	93.13
0.6961538461538461	0.6361445076677918	93.0	93.13
0.6967948717948718	0.6369092012880491	93.0	93.13
0.6974358974358974	0.6369092012880491	93.0	93.12
0.698076923076923	0.6369092012880491	93.0	93.12
0.6987179487179487	0.6353394084863933	93.02	93.12
0.6993589743589743	0.6271105905837867	93.04	93.17
0.7	0.6353036952622566	93.01	93.17
0.7006410256410256	0.6353036952622566	93.01	93.17
0.7012820512820512	0.6353036952622566	93.02	93.17
0.7019230769230769	0.6383905952679438	92.95	93.01
0.7025641025641025	0.640256337686465	92.95	92.96
0.7032051282051283	0.6406506462740764	92.75	92.94
0.7038461538461539	0.6500521310175132	92.75	92.86
0.7044871794871795	0.6418693008419822	92.93	93.04
0.7051282051282052	0.6420938056054334	92.93	93.03
0.7057692307692308	0.6385526846495352	92.93	92.98
0.7064102564102565	0.6401133607898049	92.93	92.98
0.7070512820512821	0.6404822526917568	92.94	93.03
0.7076923076923077	0.6350009120366091	92.94	93.03
0.7083333333333334	0.6407460437345283	92.94	93.04
0.708974358974359	0.6373455817039896	92.94	93.04
0.7096153846153846	0.6412574974157366	92.94	93.0
0.7102564102564103	0.6396682914482836	92.96	93.0
0.7108974358974359	0.6341532490538366	93.02	93.04
0.7115384615384616	0.628651836384776	93.04	93.11
0.7121794871794872	0.637140238208046	92.99	93.01
0.7128205128205128	0.6370142346252323	93.01	93.07
0.7134615384615385	0.6351738831331677	93.01	93.07
0.7141025641025641	0.6359647058111487	92.93	93.06
0.7147435897435898	0.6359647058111487	92.93	93.07
0.7153846153846154	0.6363158352480432	92.93	93.07
0.716025641025641	0.6359234137195393	92.94	93.07
0.7166666666666667	0.6386573019178137	92.95	93.1
0.7173076923076923	0.6378327259005377	92.95	93.04
0.717948717948718	0.635482233384803	92.95	93.04
0.7185897435897436	0.6448610785195267	92.78	92.98
0.7192307692307692	0.6558195652219025	92.69	92.78
0.7198717948717949	0.6588763811230853	92.7	92.75
0.7205128205128205	0.6513636980175878	92.75	92.86
0.7211538461538461	0.6438848347301284	92.86	93.01
0.7217948717948718	0.6375526117379773	92.93	93.03
0.7224358974358974	0.6406371645582375	92.93	93.0
0.7230769230769231	0.6351211474182838	92.96	93.01
0.7237179487179487	0.6362918517353532	92.96	93.03
0.7243589743589743	0.6319350246682045	93.0	93.06
0.725	0.6350572815351907	93.01	93.06
0.7256410256410256	0.6354394543165358	93.0	93.06
0.7262820512820513	0.6365825396102242	92.94	93.04
0.7269230769230769	0.6365825396102242	92.94	93.04
0.7275641025641025	0.6365587765600569	92.94	93.04
0.7282051282051282	0.6416115945758951	92.86	92.99
0.7288461538461538	0.6415910857206508	92.86	92.99
0.7294871794871794	0.6366004612962086	92.86	92.99
0.7301282051282051	0.6434829323902931	92.88	92.93
0.7307692307692307	0.64580626753991	92.87	92.89
0.7314102564102564	0.6449791247894746	92.87	92.89
0.732051282051282	0.6363053420602897	92.96	93.03
0.7326923076923076	0.6308160067849126	93.02	93.13
0.7333333333333333	0.6296413126741891	93.02	93.13
0.7339743589743589	0.631591140450996	93.02	93.1
0.7346153846153847	0.6370179206740715	92.96	93.0
0.7352564102564103	0.6330989851636963	92.96	93.09
0.735897435897436	0.6334869435867755	92.96	93.09
0.7365384615384616	0.6284140445377565	92.96	93.09
0.7371794871794872	0.6283894459041741	93.06	93.17
0.7378205128205129	0.617445981444843	93.05	93.23
0.7384615384615385	0.628425270397879	93.06	93.23
0.7391025641025641	0.62133387146952	93.06	93.23
0.7397435897435898	0.6189958356571637	93.06	93.23
0.7403846153846154	0.6150926307517722	93.19	93.26
0.7410256410256411	0.61702598039505	93.2	93.27
0.7416666666666667	0.61702598039505	93.2	93.27
0.7423076923076923	0.6189713269984611	93.2	93.27
0.742948717948718	0.6314466632073161	92.89	93.21
0.7435897435897436	0.6416178060925326	92.9	93.12
0.7442307692307693	0.6502239613167803	92.72	92.88
0.7448717948717949	0.6509945508482491	92.74	92.86
0.7455128205128205	0.6360289987053113	92.96	92.99
0.7461538461538462	0.6327927010454921	92.99	93.05
0.7467948717948718	0.6405732384226492	92.93	92.94
0.7474358974358974	0.635106559245863	92.89	93.0
0.7480769230769231	0.6350642674327655	92.89	93.03
0.7487179487179487	0.6389483533934691	92.9	93.03
0.7493589743589744	0.6377591151899868	92.9	93.02
0.75	0.6436253815794771	92.8	92.95
0.7506410256410256	0.6506920016023213	92.8	92.95
0.7512820512820513	0.6468606573672505	92.8	92.9
0.7519230769230769	0.6490603691161068	92.8	92.84
0.7525641025641026	0.6513704179097226	92.78	92.83
0.7532051282051282	0.660794135225008	92.67	92.8
0.7538461538461538	0.6733179223709366	92.51	92.68
0.7544871794871795	0.6970758100040089	92.18	92.38
0.7551282051282051	0.6986455871501718	92.18	92.37
0.7557692307692307	0.6986320589577959	92.18	92.32
0.7564102564102564	0.6973774947056846	92.18	92.23
0.757051282051282	0.6985151982871762	92.18	92.22
0.7576923076923077	0.6984445617452464	92.18	92.2
0.7583333333333333	0.7000062110076813	92.05	92.2
0.7589743589743589	0.6999998597012546	92.06	92.19
0.7596153846153846	0.6999960781222522	92.06	92.17
0.7602564102564102	0.7087567244178341	92.05	92.12
0.7608974358974359	0.7135244312672392	92.0	92.11
0.7615384615384615	0.7134932869232402	92.0	92.01
0.7621794871794871	0.7074324791065871	92.04	92.11
0.7628205128205128	0.6846813976501295	92.26	92.36
0.7634615384615384	0.6664391654749202	92.46	92.63
0.764102564102564	0.669152161010276	92.49	92.62
0.7647435897435897	0.6600876656662071	92.49	92.69
0.7653846153846153	0.6645150329058479	92.61	92.73
0.7660256410256411	0.6435411789222019	92.74	92.87
0.7666666666666667	0.6411662000724416	92.85	92.96
0.7673076923076924	0.6341070351795426	92.96	93.04
0.767948717948718	0.6269674721743504	92.97	93.09
0.7685897435897436	0.6230628315840008	92.98	93.16
0.7692307692307693	0.6222621344755244	92.98	93.15
0.7698717948717949	0.6285030497065917	92.99	93.15
0.7705128205128206	0.6410078133830174	92.9	93.12
0.7711538461538462	0.6500141787575785	92.73	92.86
0.7717948717948718	0.6472547779923117	92.8	92.86
0.7724358974358975	0.6551092679611636	92.69	92.86
0.7730769230769231	0.6582050576559277	92.6	92.79
0.7737179487179487	0.6550079292914476	92.66	92.79
0.7743589743589744	0.6526157554703296	92.71	92.85
0.775	0.6384524358954895	92.82	93.07
0.7756410256410257	0.6353105075403728	92.91	93.06
0.7762820512820513	0.6290402103096056	92.91	93.06
0.7769230769230769	0.6352875504723865	92.91	93.05
0.7775641025641026	0.6313678877118497	92.91	93.04
0.7782051282051282	0.6211997785579629	93.05	93.17
0.7788461538461539	0.5926112097524467	93.32	93.53
0.7794871794871795	0.6025095049112698	93.27	93.53
0.7801282051282051	0.6007167563746271	93.32	93.48
0.7807692307692308	0.6180337610007528	93.19	93.42
0.7814102564102564	0.6242663335799429	93.04	93.28
0.782051282051282	0.6305061097482788	93.05	93.28
0.7826923076923077	0.6305061097482788	93.04	93.28
0.7833333333333333	0.6305117129028889	93.08	93.26
0.783974358974359	0.619979633134878	93.08	93.25
0.7846153846153846	0.6344095212192539	92.98	93.08
0.7852564102564102	0.639093298553775	92.83	93.0
0.7858974358974359	0.6524228552007749	92.68	92.86
0.7865384615384615	0.6492519951395844	92.72	92.83
0.7871794871794872	0.6460612897783431	92.68	92.89
0.7878205128205128	0.6389751320942719	92.8	92.93
0.7884615384615384	0.6436571903795345	92.81	92.93
0.7891025641025641	0.641294529147838	92.87	92.93
0.7897435897435897	0.6397359888347073	92.68	92.79
0.7903846153846154	0.6585438197195334	92.57	92.75
0.791025641025641	0.6593304838385918	92.57	92.75
0.7916666666666666	0.6743108018283305	92.47	92.59
0.7923076923076923	0.6703555449369588	92.47	92.59
0.7929487179487179	0.6706361417360898	92.47	92.59
0.7935897435897435	0.6647416458232425	92.58	92.66
0.7942307692307692	0.6607868825723533	92.65	92.68
0.7948717948717948	0.6615626855898666	92.58	92.71
0.7955128205128205	0.661014923430834	92.59	92.71
0.7961538461538461	0.656830898325406	92.59	92.71
0.7967948717948717	0.6520840940060553	92.65	92.77
0.7974358974358975	0.6599495780974989	92.66	92.77
0.7980769230769231	0.6591517824081591	92.66	92.76
0.7987179487179488	0.6662332080374236	92.51	92.67
0.7993589743589744	0.6701699913539316	92.51	92.67
0.8	0.6575299785185303	92.63	92.7
0.8006410256410257	0.655532087141503	92.7	92.73
0.8012820512820513	0.6535441516532033	92.7	92.74
0.801923076923077	0.6506174064377728	92.75	92.8
0.8025641025641026	0.6480229653070645	92.79	92.82
0.8032051282051282	0.6476175232697179	92.79	92.84
0.8038461538461539	0.6464344936966852	92.78	92.84
0.8044871794871795	0.6464344936966852	92.78	92.84
0.8051282051282052	0.646403530093537	92.72	92.84
0.8057692307692308	0.6522905163675005	92.72	92.79
0.8064102564102564	0.6522809942337936	92.73	92.79
0.8070512820512821	0.6495200664354965	92.73	92.82
0.8076923076923077	0.6447941873320233	92.79	92.85
0.8083333333333333	0.644004909524225	92.79	92.86
0.808974358974359	0.6455735576183963	92.79	92.86
0.8096153846153846	0.6455582087232558	92.76	92.84
0.8102564102564103	0.6455541291278213	92.76	92.84
0.8108974358974359	0.6581223178987313	92.66	92.83
0.8115384615384615	0.6589065050975034	92.66	92.83
0.8121794871794872	0.6529982662050542	92.66	92.83
0.8128205128205128	0.6518184590250882	92.66	92.77
0.8134615384615385	0.6675614913163005	92.55	92.66
0.8141025641025641	0.6683500589039385	92.55	92.65
0.8147435897435897	0.6675366216191069	92.48	92.56
0.8153846153846154	0.6706879719286831	92.48	92.56
0.816025641025641	0.6706879719286831	92.48	92.56
0.8166666666666667	0.6683094588491505	92.48	92.55
0.8173076923076923	0.6738048241657495	92.47	92.55
0.8179487179487179	0.6777412337145821	92.33	92.44
0.8185897435897436	0.6808412977227765	92.38	92.39
0.8192307692307692	0.6958970043162811	92.13	92.29
0.8198717948717948	0.6926795003204426	92.19	92.24
0.8205128205128205	0.6926602539776754	92.19	92.25
0.8211538461538461	0.6966055323528829	92.19	92.25
0.8217948717948718	0.6962984085473907	92.13	92.25
0.8224358974358974	0.700539591059604	92.13	92.26
0.823076923076923	0.6925511464630872	92.23	92.29
0.8237179487179487	0.6909233584207612	92.23	92.29
0.8243589743589743	0.6852827018881564	92.32	92.34
0.825	0.6916077608047446	92.19	92.34
0.8256410256410256	0.6860183130712171	92.32	92.34
0.8262820512820512	0.6986159842971664	92.14	92.19
0.8269230769230769	0.6874330074143409	92.22	92.3
0.8275641025641025	0.6874300981601003	92.28	92.34
0.8282051282051283	0.6826558328385456	92.28	92.38
0.8288461538461539	0.6842299149004324	92.29	92.36
0.8294871794871795	0.6834337049015906	92.29	92.36
0.8301282051282052	0.6845655343010066	92.3	92.38
0.8307692307692308	0.6841662492657063	92.32	92.38
0.8314102564102565	0.6817577537989643	92.31	92.38
0.8320512820512821	0.6793618990565293	92.35	92.41
0.8326923076923077	0.6799459250683667	92.35	92.41
0.8333333333333334	0.6809409961849291	92.35	92.41
0.833974358974359	0.6809193105103032	92.35	92.41
0.8346153846153846	0.6864698224270108	92.26	92.31
0.8352564102564103	0.6888308810338619	92.27	92.31
0.8358974358974359	0.691180450631921	92.24	92.26
0.8365384615384616	0.6903512883538945	92.24	92.27
0.8371794871794872	0.6895539813209002	92.26	92.27
0.8378205128205128	0.6895495269968731	92.26	92.27
0.8384615384615385	0.6879328810015354	92.29	92.36
0.8391025641025641	0.6879328810015354	92.29	92.36
0.8397435897435898	0.6910803357431291	92.24	92.32
0.8403846153846154	0.6886731822063304	92.28	92.32
0.841025641025641	0.6874659128637982	92.27	92.32
0.8416666666666667	0.687056392448908	92.27	92.35
0.8423076923076923	0.6874471337816026	92.26	92.33
0.842948717948718	0.6874471337816026	92.26	92.33
0.8435897435897436	0.693376967823227	92.21	92.33
0.8442307692307692	0.6933298140231274	92.22	92.33
0.8448717948717949	0.6925639710355832	92.22	92.33
0.8455128205128205	0.6949370795828052	92.2	92.33
0.8461538461538461	0.6941081317951137	92.2	92.23
0.8467948717948718	0.6956827651334473	92.09	92.19
0.8474358974358974	0.7027949601735943	92.09	92.13
0.8480769230769231	0.7067674919037746	92.0	92.09
0.8487179487179487	0.7083060538391516	92.02	92.09
0.8493589743589743	0.708981370969644	92.0	92.04
0.85	0.7105241696559869	92.0	92.03
0.8506410256410256	0.7096317914812843	92.0	92.02
0.8512820512820513	0.7064000090766667	92.03	92.08
0.8519230769230769	0.7063874275323967	92.03	92.08
0.8525641025641025	0.7287187564043764	91.75	91.87
0.8532051282051282	0.7158339064377727	91.83	91.94
0.8538461538461538	0.7162384613055275	91.91	91.94
0.8544871794871794	0.7133891800170508	91.91	92.05
0.8551282051282051	0.7133891800170508	91.95	91.99
0.8557692307692307	0.7085775193646325	91.97	92.08
0.8564102564102564	0.7069730994182046	91.98	92.04
0.857051282051282	0.7125197185613182	91.97	92.04
0.8576923076923076	0.6694379217309971	92.13	92.28
0.8583333333333333	0.6851735528153843	92.31	92.35
0.8589743589743589	0.6986302899514958	92.12	92.23
0.8596153846153847	0.6923221938833494	92.14	92.22
0.8602564102564103	0.6946366098450415	92.16	92.22
0.860897435897436	0.6954267968115454	92.17	92.22
0.8615384615384616	0.6937176499521805	92.17	92.22
0.8621794871794872	0.6549582468437298	92.45	92.7
0.8628205128205129	0.6612562894259421	92.53	92.69
0.8634615384615385	0.6675334512020494	92.45	92.63
0.8641025641025641	0.6627945202780597	92.46	92.63
0.8647435897435898	0.6627945202780597	92.46	92.63
0.8653846153846154	0.6627945202780597	92.5	92.63
0.8660256410256411	0.6596335262651968	92.5	92.63
0.8666666666666667	0.669101938630291	92.5	92.63
0.8673076923076923	0.6596184294837766	92.51	92.63
0.867948717948718	0.6745630142807961	92.36	92.5
0.8685897435897436	0.6800958757824171	92.36	92.5
0.8692307692307693	0.685597047883379	92.29	92.38
0.8698717948717949	0.6943257481632266	92.12	92.24
0.8705128205128205	0.7086400493959663	92.0	92.05
0.8711538461538462	0.6965943202652595	92.02	92.2
0.8717948717948718	0.7013404169067843	92.02	92.18
0.8724358974358974	0.7096853864256462	91.93	92.06
0.8730769230769231	0.7068795951581699	91.93	92.06
0.8737179487179487	0.708477158842868	91.94	92.06
0.8743589743589744	0.6979990488090658	92.12	92.17
0.875	0.6935840492157685	92.14	92.25
0.8756410256410256	0.6844197406361848	92.22	92.41
0.8762820512820513	0.6836232617233202	92.23	92.4
0.8769230769230769	0.6851696903525586	92.23	92.37
0.8775641025641026	0.6835769848212067	92.23	92.36
0.8782051282051282	0.6835769848212067	92.23	92.36
0.8788461538461538	0.680396975538677	92.26	92.37
0.8794871794871795	0.6756221550532281	92.34	92.43
0.8801282051282051	0.6749072634314024	92.35	92.43
0.8807692307692307	0.6819258944691386	92.32	92.36
0.8814102564102564	0.6803273505161866	92.33	92.38
0.882051282051282	0.68744396965016	92.23	92.37
0.8826923076923077	0.6882338145807373	92.23	92.36
0.8833333333333333	0.6882338145807373	92.29	92.36
0.8839743589743589	0.6830669324670179	92.29	92.36
0.8846153846153846	0.6969454436192262	92.14	92.15
0.8852564102564102	0.70289330910922	92.07	92.08
0.8858974358974359	0.7056756873580946	91.88	92.07
0.8865384615384615	0.7124556806524728	91.89	92.03
0.8871794871794871	0.7035687512584443	92.03	92.1
0.8878205128205128	0.7031267171123436	92.03	92.1
0.8884615384615384	0.6983102586168136	92.05	92.22
0.889102564102564	0.69193649490772	92.15	92.26
0.8897435897435897	0.6905487253941526	92.17	92.26
0.8903846153846153	0.6879481035280002	92.18	92.26
0.8910256410256411	0.6946793566228986	92.12	92.23
0.8916666666666667	0.6955944192329077	92.12	92.23
0.8923076923076924	0.6942790876681318	92.13	92.19
0.892948717948718	0.693850856875144	92.15	92.22
0.8935897435897436	0.6958342852491365	92.15	92.22
0.8942307692307693	0.6942063634612943	92.16	92.18
0.8948717948717949	0.7053529663093927	92.05	92.15
0.8955128205128206	0.7045529037328956	92.05	92.15
0.8961538461538462	0.700110133590308	92.08	92.15
0.8967948717948718	0.6976504706356716	92.08	92.15
0.8974358974358975	0.698493541208319	92.1	92.15
0.8980769230769231	0.6988551337801863	92.08	92.12
0.8987179487179487	0.6992161092250326	92.12	92.14
0.8993589743589744	0.6923643259836072	92.15	92.22
0.9	0.6891685206443497	92.19	92.3
0.9006410256410257	0.6828086152996551	92.28	92.33
0.9012820512820513	0.6812191964773431	92.3	92.36
0.9019230769230769	0.6796304506119609	92.3	92.36
0.9025641025641026	0.6787621273092495	92.29	92.38
0.9032051282051282	0.6731989665232565	92.31	92.46
0.9038461538461539	0.6715956097991467	92.33	92.48
0.9044871794871795	0.6668905588867516	92.44	92.53
0.9051282051282051	0.6688080361618176	92.47	92.52
0.9057692307692308	0.6699465819143295	92.48	92.53
0.9064102564102564	0.6679652062941009	92.48	92.53
0.907051282051282	0.6604305679026982	92.54	92.62
0.9076923076923077	0.6580544351632415	92.55	92.64
0.9083333333333333	0.6588298143815019	92.55	92.69
0.908974358974359	0.6517296239274387	92.67	92.72
0.9096153846153846	0.6485588492278009	92.73	92.77
0.9102564102564102	0.6461917438562752	92.76	92.79
0.9108974358974359	0.6422327670228969	92.77	92.83
0.9115384615384615	0.639847260916337	92.85	92.91
0.9121794871794872	0.6382233710386086	92.87	93.0
0.9128205128205128	0.6295763788277702	92.91	92.99
0.9134615384615384	0.6311315050830312	92.94	93.0
0.9141025641025641	0.6256240076561237	92.96	93.04
0.9147435897435897	0.6279020048580397	92.99	93.05
0.9153846153846154	0.6294415158054856	92.98	93.05
0.916025641025641	0.6301738482438213	92.94	92.98
0.9166666666666666	0.6325547967517445	92.94	92.98
0.9173076923076923	0.6371335523510875	92.89	92.9
0.9179487179487179	0.6331465039998179	92.83	92.94
0.9185897435897435	0.6374528040328813	92.83	92.94
0.9192307692307692	0.636269681637586	92.84	92.9
0.9198717948717948	0.6331095103412053	92.86	92.94
0.9205128205128205	0.6366215420860002	92.87	92.94
0.9211538461538461	0.6479289448722966	92.75	92.85
0.9217948717948717	0.6361452006850814	92.81	92.9
0.9224358974358975	0.6357269931566389	92.86	92.95
0.9230769230769231	0.6368537077914274	92.82	92.89
0.9237179487179488	0.6399856202268536	92.82	92.89
0.9243589743589744	0.640764557544553	92.84	92.89
0.925	0.6438462095763974	92.77	92.81
0.9256410256410257	0.639478613689968	92.82	92.89
0.9262820512820513	0.6402558403672808	92.81	92.86
0.926923076923077	0.6414067891181973	92.83	92.89
0.9275641025641026	0.6386603770996943	92.84	92.89
0.9282051282051282	0.6366934236103091	92.84	92.89
0.9288461538461539	0.6366796739538021	92.85	92.9
0.9294871794871795	0.635074936354659	92.89	92.91
0.9301282051282052	0.6334850576754976	92.89	92.93
0.9307692307692308	0.6240626759723426	93.0	93.05
0.9314102564102564	0.6092109768595481	93.09	93.24
0.9320512820512821	0.6045268971313613	93.2	93.3
0.9326923076923077	0.6126350060247813	93.1	93.29
0.9333333333333333	0.6099092705814542	93.11	93.28
0.933974358974359	0.6130191896160513	93.11	93.28
0.9346153846153846	0.6114612147741556	93.13	93.27
0.9352564102564103	0.61917255836525	93.06	93.12
0.9358974358974359	0.6250029362499564	93.0	93.07
0.9365384615384615	0.6222494023018248	93.01	93.09
0.9371794871794872	0.6206848940689009	93.01	93.09
0.9378205128205128	0.6268975445022389	93.0	93.03
0.9384615384615385	0.637059392531664	92.88	93.02
0.9391025641025641	0.637059392531664	92.93	93.02
0.9397435897435897	0.6323566918450718	92.96	93.02
0.9403846153846154	0.6276403081407053	92.99	93.05
0.941025641025641	0.6307394888940621	92.94	92.99
0.9416666666666667	0.6369859694979666	92.88	92.92
0.9423076923076923	0.6260064894570835	92.92	93.09
0.9429487179487179	0.623629367783202	92.98	93.09
0.9435897435897436	0.6267482924572254	93.01	93.08
0.9442307692307692	0.6236129382084965	93.0	93.06
0.9448717948717948	0.6230788220691321	93.02	93.06
0.9455128205128205	0.6235160349080888	93.0	93.05
0.9461538461538461	0.6242876157174904	93.01	93.07
0.9467948717948718	0.6148489723584548	93.13	93.22
0.9474358974358974	0.6132786817068996	93.17	93.26
0.948076923076923	0.6070014945972697	93.23	93.26
0.9487179487179487	0.6201806460455391	93.04	93.2
0.9493589743589743	0.6225211410580677	93.05	93.19
0.95	0.6197878720088109	93.09	93.2
0.9506410256410256	0.6186154261169478	93.1	93.2
0.9512820512820512	0.6170357426721621	93.12	93.2
0.9519230769230769	0.6150745339780768	93.12	93.19
0.9525641025641025	0.6239670098693587	93.04	93.05
0.9532051282051283	0.6247057577512612	93.02	93.05
0.9538461538461539	0.626246579576366	93.0	93.01
0.9544871794871795	0.6191304274237621	93.11	93.19
0.9551282051282052	0.6190684909090293	93.07	93.12
0.9557692307692308	0.619835720508954	93.08	93.12
0.9564102564102565	0.6237186714901773	93.0	93.08
0.9570512820512821	0.6306653449783566	92.93	92.97
0.9576923076923077	0.6312695266415166	92.93	92.97
0.9583333333333334	0.63063137303657	92.94	92.97
0.958974358974359	0.6461313473370847	92.75	92.81
0.9596153846153846	0.6395095023856533	92.81	92.86
0.9602564102564103	0.6398729569249072	92.82	92.9
0.9608974358974359	0.637907105469651	92.83	92.89
0.9615384615384616	0.6335829951939371	92.9	92.92
0.9621794871794872	0.6374695249891644	92.83	92.88
0.9628205128205128	0.6363836063800717	92.85	92.89
0.9634615384615385	0.6440102736857161	92.71	92.82
0.9641025641025641	0.6263431712233214	92.87	93.0
0.9647435897435898	0.6396377435279126	92.78	92.86
0.9653846153846154	0.6408093093364157	92.8	92.83
0.966025641025641	0.6419739606288257	92.79	92.82
0.9666666666666667	0.6305446158684632	92.9	93.0
0.9673076923076923	0.6293671675720476	92.93	93.0
0.967948717948718	0.6332611992382596	92.9	92.99
0.9685897435897436	0.6348045439814467	92.88	92.89
0.9692307692307692	0.6347588753197816	92.88	92.89
0.9698717948717949	0.6351496339434337	92.88	92.89
0.9705128205128205	0.6347449651995561	92.88	92.89
0.9711538461538461	0.6385979720227819	92.83	92.85
0.9717948717948718	0.6401389863054777	92.82	92.83
0.9724358974358974	0.6385113518862883	92.83	92.85
0.9730769230769231	0.6392802436603224	92.82	92.84
0.9737179487179487	0.6423519254596891	92.77	92.84
0.9743589743589743	0.6423014597757526	92.79	92.8
0.975	0.6391287891340496	92.83	92.84
0.9756410256410256	0.6398778644994523	92.8	92.84
0.9762820512820513	0.6406039502676656	92.73	92.75
0.9769230769230769	0.6452577230780072	92.71	92.76
0.9775641025641025	0.6444486306369872	92.72	92.76
0.9782051282051282	0.6475141777754334	92.71	92.73
0.9788461538461538	0.6443564650324977	92.74	92.76
0.9794871794871794	0.6411479740755315	92.79	92.82
0.9801282051282051	0.6418853195319743	92.79	92.83
0.9807692307692307	0.6426536887241084	92.77	92.8
0.9814102564102564	0.6433864949750603	92.75	92.8
0.982051282051282	0.6433393115327894	92.76	92.8
0.9826923076923076	0.6440807251009797	92.75	92.76
0.9833333333333333	0.6456155237578947	92.74	92.75
0.9839743589743589	0.646382273309761	92.71	92.72
0.9846153846153847	0.6475521639996313	92.71	92.72
0.9852564102564103	0.6474755046285454	92.71	92.72
0.985897435897436	0.650092569157472	92.68	92.7
0.9865384615384616	0.6484149022064555	92.69	92.71
0.9871794871794872	0.6428419229721113	92.76	92.78
0.9878205128205129	0.642783988821463	92.74	92.77
0.9884615384615385	0.6521940564847128	92.61	92.74
0.9891025641025641	0.6423264494198591	92.76	92.79
0.9897435897435898	0.6449888083605053	92.73	92.76
0.9903846153846154	0.6406320893831604	92.77	92.82
0.9910256410256411	0.6378514204353388	92.81	92.83
0.9916666666666667	0.6401606890034149	92.79	92.81
0.9923076923076923	0.6538286550698416	92.62	92.63
0.992948717948718	0.6547770755772234	92.59	92.62
0.9935897435897436	0.65552305421712	92.59	92.6
0.9942307692307693	0.6479960729120456	92.66	92.73
0.9948717948717949	0.6515015100830852	92.66	92.7
0.9955128205128205	0.6499149984290634	92.66	92.69
0.9961538461538462	0.6546033200933177	92.61	92.66
0.9967948717948718	0.654554443731877	92.6	92.62
0.9974358974358974	0.6553005897239184	92.6	92.61
0.9980769230769231	0.6560251271233905	92.59	92.6
0.9987179487179487	0.6424375549933988	92.73	92.79
0.9993589743589744	0.6273719427868596	92.95	92.96
1.0	0.627370100940408	92.95	92.97
1.0006410256410256	0.627370100940408	92.95	92.97