-1	0.5850105441923004	93.52	96.0
-1	0.5850105441923004	93.52	96.0
-1	0.5850105441923004	93.52	96.0
-1	0.5850105441923004	93.52	96.0
-1	0.5850105441923004	93.52	96.0
-1	0.5850105441923004	93.52	96.0
-1	0.5850105441923004	93.52	96.0
-1	0.5850105441923004	93.52	96.0
-1	0.5850105441923004	93.52	96.0
-1	0.5850105441923004	93.52	96.0
-1	0.5850105441923004	93.52	96.0
-1	0.5850105441923004	93.52	96.0
-1	0.5850105441923004	93.52	96.0
-1	0.5850105441923004	93.52	96.0
-1	0.5850105441923004	93.52	96.0
-1	0.5850105441923004	93.52	96.0
-1	0.5850105441923004	93.52	96.0
-1	0.5850105441923004	93.52	96.0
-1	0.5850105441923004	93.52	96.0
-1	0.5850105441923004	93.52	96.0
-1	0.5850105441923004	93.52	96.0
-1	0.5850105441923004	93.52	96.0
-1	0.5850105441923004	93.52	96.0
-1	0.5850105441923004	93.52	96.0
-1	0.5850105441923004	93.52	96.0
-1	0.5850105441923004	93.52	96.0
-1	0.5850105441923004	93.52	96.0
-1	0.5850105441923004	93.52	96.0
-1	0.5850105441923004	93.52	96.0
-1	0.5850105441923004	93.52	96.0
-1	0.5850105441923004	93.52	96.0
-1	0.5850105441923004	94.2	96.0
-1	0.5850105441923004	94.2	96.0
-1	0.5850105441923004	94.2	96.0
-1	0.5850105441923004	94.2	96.0
-1	0.5850105441923004	94.2	96.0
-1	0.5850105441923004	94.2	96.0
-1	0.5850105441923004	94.2	96.0
-1	0.5850105441923004	94.2	96.0
-1	0.5850105441923004	94.2	96.0
-1	0.5850105441923004	94.2	96.0
-1	0.5850105441923004	94.2	96.0
-1	0.5850105441923004	94.2	96.0
-1	0.5850105441923004	94.2	96.0
-1	0.5850105441923004	94.2	96.0
-1	0.5850105441923004	94.2	96.0
-1	0.5850105441923004	94.2	96.0
-1	0.5850105441923004	94.2	96.0
-1	0.5850105441923004	94.2	96.0
-1	0.5850105441923004	94.2	96.0
-1	0.5850105441923004	94.2	96.0
-1	0.5850105441923004	94.2	96.0
-1	0.5850105441923004	94.2	96.0
-1	0.5850105441923004	94.2	96.0
-1	0.5850105441923004	94.2	96.0
-1	0.5850105441923004	94.2	96.0
-1	0.5850105441923004	94.2	96.0
-1	0.5850105441923004	94.2	96.0
-1	0.5850105441923004	94.2	96.0
-1	0.5850105441923004	94.2	96.0
-1	0.5850105441923004	94.2	96.0
-1	0.5850105441923004	94.2	96.0
-1	0.5850105441923004	94.2	96.0
-1	0.5850105441923004	94.2	96.0
-1	0.5850105441923004	94.2	96.0
-1	0.5850105441923004	94.2	96.0
-1	0.5850105441923004	94.2	96.0
-1	0.5850105441923004	94.2	96.0
-1	0.5850105441923004	94.2	96.0
-1	0.5850105441923004	94.2	96.0
-1	0.5850105441923004	94.2	96.0
-1	0.5850105441923004	94.2	96.0
-1	0.5850105441923004	94.2	96.0
-1	0.5850105441923004	94.2	96.0
-1	0.5850105441923004	94.2	96.0
-1	0.5850105441923004	94.2	96.0
-1	0.5850105441923004	94.2	96.0
-1	0.5850105441923004	94.2	96.0
-1	0.5850105441923004	94.2	96.0
-1	0.5850105441923004	94.2	96.0
-1	0.5850105441923004	94.2	96.0
-1	0.5850105441923004	94.2	96.0
-1	0.5850105441923004	94.2	96.0
-1	0.5850105441923004	94.2	96.0
-1	0.5850105441923004	94.2	96.0
-1	0.5850105441923004	94.2	96.0
-1	0.5850105441923004	94.2	96.0
-1	0.5850105441923004	94.2	96.0
-1	0.5850105441923004	94.2	96.0
-1	0.5850105441923004	94.2	96.0
-1	0.5850105441923004	94.2	96.0
-1	0.5850105441923004	94.2	96.0
-1	0.5850105441923004	94.2	96.0
-1	0.5850105441923004	94.2	96.0
-1	0.5850105441923004	94.2	96.0
-1	0.5850105441923004	94.2	96.0
-1	0.5850105441923004	94.2	96.0
-1	0.5850105441923004	94.2	96.0
-1	0.5850105441923004	94.2	96.0
-1	0.5850105441923004	94.2	96.0
-1	0.5850105441923004	94.2	96.0
-1	0.5850105441923004	94.2	96.0
-1	0.5850105441923004	94.2	96.0
-1	0.5850105441923004	94.2	96.0
-1	0.5850105441923004	94.2	96.0
-1	0.5850105441923004	94.2	96.0
-1	0.5850105441923004	94.2	96.0
-1	0.5850105441923004	94.2	96.0
-1	0.5850105441923004	94.2	96.0
-1	0.5850105441923004	94.2	96.0
-1	0.5850105441923004	94.2	96.0
-1	0.5850105441923004	94.2	96.0
-1	0.5850105441923004	94.2	96.0
-1	0.5850105441923004	94.2	96.0
-1	0.5850105441923004	94.2	96.0
-1	0.5850105441923004	94.2	96.0
-1	0.5850105441923004	94.2	96.0
-1	0.5850105441923004	94.2	96.0
-1	0.5850105441923004	94.2	96.0
-1	0.5850105441923004	94.2	96.0
-1	0.5850105441923004	94.2	96.0
-1	0.39678574240178754	94.2	96.0
-1	0.39678574240178754	94.2	96.0
-1	0.39678574240178754	94.2	96.0
-1	0.39678574240178754	94.2	96.0
-1	0.39678574240178754	94.2	96.0
-1	0.39678574240178754	94.2	96.0
-1	0.39678574240178754	94.2	96.0
-1	0.39678574240178754	94.2	96.0
-1	0.39678574240178754	94.2	96.0
-1	0.39678574240178754	94.2	96.0
-1	0.39678574240178754	94.2	96.0
-1	0.39678574240178754	94.2	96.0
-1	0.39678574240178754	94.2	96.0
-1	0.39678574240178754	94.2	96.0
-1	0.39678574240178754	94.2	96.0
-1	0.39678574240178754	94.2	96.0
-1	0.39678574240178754	94.2	96.0
-1	0.39678574240178754	94.2	96.0
-1	0.39678574240178754	94.2	96.0
-1	0.39678574240178754	94.2	96.0
-1	0.39678574240178754	94.2	96.0
-1	0.39678574240178754	94.2	96.0
-1	0.39678574240178754	94.2	96.0
-1	0.39678574240178754	94.2	96.0
-1	0.39678574240178754	94.2	96.0
-1	0.39678574240178754	94.2	96.0
-1	0.39678574240178754	94.2	96.0
-1	0.39678574240178754	94.2	96.0
-1	0.39678574240178754	94.2	96.0
-1	0.39678574240178754	94.2	96.0
-1	0.39678574240178754	94.2	96.0
-1	0.39678574240178754	94.2	96.0
-1	0.39678574240178754	94.2	96.0
-1	0.39678574240178754	94.2	96.0
-1	0.39678574240178754	94.2	96.0
-1	0.39678574240178754	94.2	96.0
-1	0.39678574240178754	94.2	96.0
-1	0.39678574240178754	94.2	96.0
-1	0.39678574240178754	94.2	96.0
-1	0.39678574240178754	94.2	96.0
-1	0.39678574240178754	94.2	96.0
-1	0.39678574240178754	94.2	96.0
-1	0.39678574240178754	94.2	96.0
-1	0.39678574240178754	94.2	96.0
-1	0.39678574240178754	94.2	96.0
-1	0.39678574240178754	94.2	96.0
-1	0.39678574240178754	94.2	96.0
-1	0.39678574240178754	94.2	96.0
-1	0.39678574240178754	94.2	96.0
-1	0.39678574240178754	94.2	96.0
-1	0.39678574240178754	94.2	96.0
-1	0.39678574240178754	94.2	96.0
-1	0.39678574240178754	94.2	96.0
-1	0.39678574240178754	94.2	96.0
-1	0.39678574240178754	94.2	96.0
-1	0.39678574240178754	94.2	96.0
-1	0.39678574240178754	94.2	96.0
-1	0.39678574240178754	94.2	96.0
-1	0.39678574240178754	94.2	96.0
-1	0.39678574240178754	94.2	96.0
-1	0.39678574240178754	94.2	96.0
-1	0.39678574240178754	94.2	96.0
-1	0.39678574240178754	94.2	96.0
-1	0.39678574240178754	94.2	96.0
-1	0.39678574240178754	94.2	96.0
-1	0.39678574240178754	94.2	96.0
-1	0.39678574240178754	94.2	96.0
-1	0.39678574240178754	94.2	96.0
-1	0.39678574240178754	94.2	96.0
-1	0.39678574240178754	94.2	96.0
-1	0.39678574240178754	94.2	96.0
-1	0.39678574240178754	94.2	96.0
-1	0.39678574240178754	94.2	96.0
-1	0.39678574240178754	94.2	96.0
-1	0.39678574240178754	94.2	96.0
-1	0.39678574240178754	94.2	96.0
-1	0.39678574240178754	94.2	96.0
-1	0.39678574240178754	94.2	96.0
-1	0.39678574240178754	94.2	96.0
-1	0.39678574240178754	94.2	96.0
-1	0.39678574240178754	94.2	96.0
-1	0.39678574240178754	94.2	96.0
-1	0.39678574240178754	94.2	96.0
-1	0.39678574240178754	94.2	96.0
-1	0.39678574240178754	94.2	96.0
-1	0.39678574240178754	94.2	96.0
-1	0.39678574240178754	94.2	96.0
-1	0.39678574240178754	94.2	96.0
-1	0.39678574240178754	94.2	96.0
-1	0.39678574240178754	94.2	96.0
-1	0.39678574240178754	94.2	96.0
-1	0.39678574240178754	94.2	96.0
-1	0.39678574240178754	94.2	96.0
-1	0.39678574240178754	94.2	96.0
-1	0.39678574240178754	94.2	96.0
-1	0.39678574240178754	94.2	96.0
-1	0.39678574240178754	94.2	96.0
-1	0.39678574240178754	94.2	96.0
-1	0.39678574240178754	94.2	96.0
-1	0.39678574240178754	94.2	96.0
-1	0.39678574240178754	94.2	96.0
-1	0.39678574240178754	94.2	96.0
-1	0.39678574240178754	94.2	96.0
-1	0.39678574240178754	94.2	96.0
-1	0.39678574240178754	94.2	96.0
-1	0.39678574240178754	94.2	96.0
-1	0.39678574240178754	94.2	96.0
-1	0.39678574240178754	94.2	96.0
-1	0.39678574240178754	94.2	96.0
-1	0.39678574240178754	94.2	96.0
-1	0.39678574240178754	94.2	96.0
-1	0.39678574240178754	94.2	96.0
-1	0.39678574240178754	94.2	96.0
-1	0.39678574240178754	94.2	96.0
-1	0.39678574240178754	94.2	96.0
-1	0.39678574240178754	94.2	96.0
-1	0.39678574240178754	94.2	96.0
-1	0.39678574240178754	94.2	96.0
-1	0.39678574240178754	94.2	96.0
-1	0.39678574240178754	94.2	96.0
0.0	0.39678574240178754	94.2	96.0
0.000641025641025641	0.39678574240178754	94.2	96.0
0.001282051282051282	0.39678574240178754	94.2	96.0
0.0019230769230769232	0.39678574240178754	94.2	96.0
0.002564102564102564	0.39678574240178754	94.2	96.0
0.003205128205128205	0.39678574240178754	94.2	96.0
0.0038461538461538464	0.39678574240178754	94.2	96.0
0.004487179487179487	0.39678574240178754	94.2	96.0
0.005128205128205128	0.39678574240178754	94.2	96.0
0.0057692307692307696	0.39678574240178754	94.2	96.0
0.00641025641025641	0.39678574240178754	94.2	96.0
0.007051282051282051	0.39678574240178754	94.2	96.0
0.007692307692307693	0.39678574240178754	94.2	96.0
0.008333333333333333	0.39678574240178754	94.2	96.0
0.008974358974358974	0.39678574240178754	94.2	96.0
0.009615384615384616	0.39678574240178754	94.2	96.0
0.010256410256410256	0.39678574240178754	94.2	96.0
0.010897435897435897	0.39678574240178754	94.2	96.0
0.011538461538461539	0.39678574240178754	94.2	96.0
0.01217948717948718	0.39678574240178754	94.2	96.0
0.01282051282051282	0.39678574240178754	94.2	96.0
0.013461538461538462	0.39678574240178754	94.2	96.0
0.014102564102564103	0.39678574240178754	94.2	96.0
0.014743589743589743	0.39678574240178754	94.2	96.0
0.015384615384615385	0.39678574240178754	94.2	96.0
0.016025641025641024	0.39678574240178754	94.2	96.0
0.016666666666666666	0.39678574240178754	94.2	96.0
0.01730769230769231	0.39678574240178754	94.2	96.0
0.017948717948717947	0.39678574240178754	94.2	96.0
0.01858974358974359	0.39678574240178754	94.2	96.0
0.019230769230769232	0.39678574240178754	94.2	96.0
0.01987179487179487	0.39678574240178754	94.2	96.0
0.020512820512820513	0.39678574240178754	94.2	96.0
0.021153846153846155	0.39678574240178754	94.2	96.0
0.021794871794871794	0.39678574240178754	94.2	96.0
0.022435897435897436	0.39678574240178754	94.2	96.0
0.023076923076923078	0.39678574240178754	94.2	96.0
0.023717948717948717	0.39678574240178754	94.2	96.0
0.02435897435897436	0.39678574240178754	94.2	96.0
0.025	0.39678574240178754	94.2	96.0
0.02564102564102564	0.39678574240178754	94.2	96.0
0.026282051282051282	0.39678574240178754	94.2	96.0
0.026923076923076925	0.5070128670034276	94.2	96.0
0.027564102564102563	0.5070128670034276	94.2	96.0
0.028205128205128206	0.5070128670034276	94.2	96.0
0.028846153846153848	0.5070128670034276	94.2	96.0
0.029487179487179487	0.5070128670034276	94.2	96.0
0.03012820512820513	0.5070128670034276	94.2	96.0
0.03076923076923077	0.5070128670034276	94.2	96.0
0.03141025641025641	0.5070128670034276	94.2	96.0
0.03205128205128205	0.5070128670034276	94.2	96.0
0.032692307692307694	0.5070128670034276	94.2	96.0
0.03333333333333333	0.5070128670034276	94.2	96.0
0.03397435897435897	0.5070128670034276	94.2	96.0
0.03461538461538462	0.5070128670034276	94.2	96.0
0.035256410256410256	0.5070128670034276	94.2	96.0
0.035897435897435895	0.5070128670034276	94.2	96.0
0.03653846153846154	0.5070128670034276	94.2	96.0
0.03717948717948718	0.5070128670034276	94.2	96.0
0.03782051282051282	0.5070128670034276	94.2	96.0
0.038461538461538464	0.5070128670034276	94.2	96.0
0.0391025641025641	0.5070128670034276	94.2	96.0
0.03974358974358974	0.5070128670034276	94.2	96.0
0.04038461538461539	0.5070128670034276	94.2	96.0
0.041025641025641026	0.5070128670034276	94.2	96.0
0.041666666666666664	0.5070128670034276	94.2	96.0
0.04230769230769231	0.5070128670034276	94.2	96.0
0.04294871794871795	0.5070128670034276	94.2	96.0
0.04358974358974359	0.5070128670034276	94.2	96.0
0.04423076923076923	0.5070128670034276	94.2	96.0
0.04487179487179487	0.5070128670034276	94.2	96.0
0.04551282051282051	0.5070128670034276	94.2	96.0
0.046153846153846156	0.5070128670034276	94.2	96.0
0.046794871794871795	0.5070128670034276	94.2	96.0
0.047435897435897434	0.5070128670034276	94.2	96.0
0.04807692307692308	0.5070128670034276	94.2	96.0
0.04871794871794872	0.5070128670034276	94.2	96.0
0.04935897435897436	0.5070128670034276	94.2	96.0
0.05	0.5070128670034276	94.2	96.0
0.05064102564102564	0.5070128670034276	94.2	96.0
0.05128205128205128	0.5070128670034276	94.2	96.0
0.051923076923076926	0.5070128670034276	94.2	96.0
0.052564102564102565	0.5070128670034276	94.2	96.0
0.0532051282051282	0.5070128670034276	94.2	96.0
0.05384615384615385	0.5070128670034276	94.2	96.0
0.05448717948717949	0.5070128670034276	94.2	96.0
0.05512820512820513	0.5070128670034276	94.2	96.0
0.05576923076923077	0.5070128670034276	94.2	96.0
0.05641025641025641	0.5070128670034276	94.2	96.0
0.05705128205128205	0.5070128670034276	94.2	96.0
0.057692307692307696	0.5070128670034276	94.2	96.0
0.058333333333333334	0.5070128670034276	94.2	96.0
0.05897435897435897	0.5070128670034276	94.2	96.0
0.05961538461538462	0.5070128670034276	94.2	96.0
0.06025641025641026	0.5070128670034276	94.2	96.0
0.060897435897435896	0.5070128670034276	94.2	96.0
0.06153846153846154	0.5070128670034276	94.2	96.0
0.06217948717948718	0.5070128670034276	94.2	96.0
0.06282051282051282	0.5070128670034276	94.2	96.0
0.06346153846153846	0.5070128670034276	94.2	96.0
0.0641025641025641	0.5070128670034276	94.2	96.0
0.06474358974358975	0.5070128670034276	94.2	96.0
0.06538461538461539	0.5070128670034276	94.2	96.0
0.06602564102564103	0.5070128670034276	94.2	96.0
0.06666666666666667	0.5070128670034276	94.2	96.0
0.0673076923076923	0.5070128670034276	94.2	96.0
0.06794871794871794	0.5070128670034276	94.2	96.0
0.0685897435897436	0.5070128670034276	94.2	96.0
0.06923076923076923	0.5070128670034276	94.2	96.0
0.06987179487179487	0.5070128670034276	94.2	96.0
0.07051282051282051	0.5070128670034276	94.2	96.0
0.07115384615384615	0.5070128670034276	94.2	96.0
0.07179487179487179	0.5070128670034276	94.2	96.0
0.07243589743589744	0.5070128670034276	94.2	96.0
0.07307692307692308	0.5070128670034276	94.2	96.0
0.07371794871794872	0.5070128670034276	94.2	96.0
0.07435897435897436	0.5070128670034276	94.2	96.0
0.075	0.5070128670034276	94.2	96.0
0.07564102564102564	0.5070128670034276	94.2	96.0
0.07628205128205129	0.5070128670034276	94.2	96.0
0.07692307692307693	0.5313011671941247	94.2	96.0
0.07756410256410257	0.5313011671941247	94.2	96.0
0.0782051282051282	0.5313011671941247	94.2	96.0
0.07884615384615384	0.5313011671941247	94.2	96.0
0.07948717948717948	0.5313011671941247	94.2	96.0
0.08012820512820513	0.5313011671941247	94.2	96.0
0.08076923076923077	0.5313011671941247	94.2	96.0
0.08141025641025641	0.5313011671941247	94.2	96.0
0.08205128205128205	0.5313011671941247	94.2	96.0
0.08269230769230769	0.5313011671941247	94.2	96.0
0.08333333333333333	0.5313011671941247	94.2	96.0
0.08397435897435897	0.5313011671941247	94.2	96.0
0.08461538461538462	0.5313011671941247	94.2	96.0
0.08525641025641026	0.5313011671941247	94.2	96.0
0.0858974358974359	0.5313011671941247	94.2	96.0
0.08653846153846154	0.5313011671941247	94.2	96.0
0.08717948717948718	0.5313011671941247	94.2	96.0
0.08782051282051281	0.5313011671941247	94.2	96.0
0.08846153846153847	0.5313011671941247	94.2	96.0
0.0891025641025641	0.5313011671941247	94.2	96.0
0.08974358974358974	0.5313011671941247	94.2	96.0
0.09038461538461538	0.5313011671941247	94.2	96.0
0.09102564102564102	0.5313011671941247	94.2	96.0
0.09166666666666666	0.5313011671941247	94.2	96.0
0.09230769230769231	0.5313011671941247	94.2	96.0
0.09294871794871795	0.5313011671941247	94.2	96.0
0.09358974358974359	0.5313011671941247	94.2	96.0
0.09423076923076923	0.5313011671941247	94.2	96.0
0.09487179487179487	0.5313011671941247	94.2	96.0
0.0955128205128205	0.5313011671941247	94.2	96.0
0.09615384615384616	0.5313011671941247	94.2	96.0
0.0967948717948718	0.5313011671941247	94.2	96.0
0.09743589743589744	0.5313011671941247	94.2	96.0
0.09807692307692308	0.5313011671941247	94.2	96.0
0.09871794871794871	0.5313011671941247	94.2	96.0
0.09935897435897435	0.5313011671941247	94.2	96.0
0.1	0.5313011671941247	94.2	96.0
0.10064102564102564	0.5313011671941247	94.2	96.0
0.10128205128205128	0.5313011671941247	94.2	96.0
0.10192307692307692	0.5313011671941247	94.2	96.0
0.10256410256410256	0.5313011671941247	94.2	96.0
0.1032051282051282	0.5313011671941247	94.2	96.0
0.10384615384615385	0.5313011671941247	94.2	96.0
0.10448717948717949	0.5313011671941247	94.2	96.0
0.10512820512820513	0.5313011671941247	94.2	96.0
0.10576923076923077	0.5313011671941247	94.2	96.0
0.1064102564102564	0.5313011671941247	94.2	96.0
0.10705128205128205	0.5313011671941247	94.2	96.0
0.1076923076923077	0.5313011671941247	94.2	96.0
0.10833333333333334	0.5313011671941247	94.2	96.0
0.10897435897435898	0.5313011671941247	94.2	96.0
0.10961538461538461	0.5313011671941247	94.2	96.0
0.11025641025641025	0.5313011671941247	94.2	96.0
0.11089743589743589	0.5252440171182026	94.2	96.0
0.11153846153846154	0.5252440171182026	94.2	96.0
0.11217948717948718	0.5252440171182026	94.2	96.0
0.11282051282051282	0.5252440171182026	94.2	96.0
0.11346153846153846	0.5252440171182026	94.2	96.0
0.1141025641025641	0.5252440171182026	94.2	96.0
0.11474358974358974	0.5252440171182026	94.2	96.0
0.11538461538461539	0.5252440171182026	94.2	96.0
0.11602564102564103	0.5252440171182026	94.2	96.0
0.11666666666666667	0.5252440171182026	94.2	96.0
0.11730769230769231	0.5252440171182026	94.2	96.0
0.11794871794871795	0.5252440171182026	94.2	96.0
0.11858974358974358	0.5252440171182026	94.2	96.0
0.11923076923076924	0.5252440171182026	94.2	96.0
0.11987179487179488	0.5252440171182026	94.2	96.0
0.12051282051282051	0.5252440171182026	94.2	96.0
0.12115384615384615	0.5252440171182026	94.2	96.0
0.12179487179487179	0.5252440171182026	94.2	96.0
0.12243589743589743	0.5252440171182026	94.2	96.0
0.12307692307692308	0.5252440171182026	94.2	96.0
0.12371794871794872	0.5252440171182026	94.2	96.0
0.12435897435897436	0.5252440171182026	94.2	96.0
0.125	0.5252440171182026	94.2	96.0
0.12564102564102564	0.5252440171182026	94.2	96.0
0.12628205128205128	0.5252440171182026	94.2	96.0
0.12692307692307692	0.5252440171182026	94.2	96.0
0.12756410256410255	0.5252440171182026	94.2	96.0
0.1282051282051282	0.5252440171182026	94.2	96.0
0.12884615384615383	0.5252440171182026	94.2	96.0
0.1294871794871795	0.5252440171182026	94.2	96.0
0.13012820512820514	0.5252440171182026	94.2	96.0
0.13076923076923078	0.5252440171182026	94.2	96.0
0.13141025641025642	0.5252440171182026	94.2	96.0
0.13205128205128205	0.5252440171182026	94.2	96.0
0.1326923076923077	0.5252440171182026	94.2	96.0
0.13333333333333333	0.5252440171182026	94.2	96.0
0.13397435897435897	0.5252440171182026	94.2	96.0
0.1346153846153846	0.5252440171182026	94.2	96.0
0.13525641025641025	0.5252440171182026	94.2	96.0
0.1358974358974359	0.5252440171182026	94.2	96.0
0.13653846153846153	0.5252440171182026	94.2	96.0
0.1371794871794872	0.5252440171182026	94.2	96.0
0.13782051282051283	0.5252440171182026	94.2	96.0
0.13846153846153847	0.5252440171182026	94.2	96.0
0.1391025641025641	0.5252440171182026	94.2	96.0
0.13974358974358975	0.5252440171182026	94.2	96.0
0.14038461538461539	0.5252440171182026	94.2	96.0
0.14102564102564102	0.5252440171182026	94.2	96.0
0.14166666666666666	0.5252440171182026	94.2	96.0
0.1423076923076923	0.5252440171182026	94.2	96.0
0.14294871794871794	0.5252440171182026	94.2	96.0
0.14358974358974358	0.5252440171182026	94.2	96.0
0.14423076923076922	0.5252440171182026	94.2	96.0
0.14487179487179488	0.5252440171182026	94.2	96.0
0.14551282051282052	0.5252440171182026	94.2	96.0
0.14615384615384616	0.5252440171182026	94.2	96.0
0.1467948717948718	0.5252440171182026	94.2	96.0
0.14743589743589744	0.5252440171182026	94.2	96.0
0.14807692307692308	0.5252440171182026	94.2	96.0
0.14871794871794872	0.5252440171182026	94.2	96.0
0.14935897435897436	0.5252440171182026	94.2	96.0
0.15	0.5252440171182026	94.2	96.0
0.15064102564102563	0.5252440171182026	94.2	96.0
0.15128205128205127	0.5252440171182026	94.2	96.0
0.1519230769230769	0.5252440171182026	94.2	96.0
0.15256410256410258	0.5252440171182026	94.2	96.0
0.15320512820512822	0.5039883531202259	94.2	96.0
0.15384615384615385	0.45595182708558496	94.3	95.2
0.1544871794871795	0.4798939465807818	94.41	95.0
0.15512820512820513	0.5141324212454544	94.4	94.99
0.15576923076923077	0.516943798149917	94.11	94.64
0.1564102564102564	0.5244611741754418	94.12	94.64
0.15705128205128205	0.5244611741754418	94.12	94.62
0.1576923076923077	0.5214219148496476	94.09	94.61
0.15833333333333333	0.5340813699340216	94.13	94.6
0.15897435897435896	0.5017360116450245	94.14	94.59
0.1596153846153846	0.5017360116450245	94.18	94.5
0.16025641025641027	0.5161082463831175	94.17	94.47
0.1608974358974359	0.5145917481513665	94.17	94.47
0.16153846153846155	0.477640397114834	94.61	95.0
0.1621794871794872	0.47764059989450725	94.61	94.98
0.16282051282051282	0.4768911522109584	94.64	94.99
0.16346153846153846	0.4832728370655114	94.67	95.0
0.1641025641025641	0.45520661076208735	94.68	95.21
0.16474358974358974	0.49493319122367907	94.67	95.21
0.16538461538461538	0.46715551385793597	94.68	95.21
0.16602564102564102	0.4559543484055211	94.68	95.21
0.16666666666666666	0.44636545524970034	94.74	95.38
0.1673076923076923	0.463421869024281	94.79	95.26
0.16794871794871793	0.4056348449280461	95.36	95.97
0.1685897435897436	0.40784749925704883	95.36	95.97
0.16923076923076924	0.40417268610994406	95.36	95.97
0.16987179487179488	0.40896908683137767	95.31	95.88
0.17051282051282052	0.4076381751430027	95.31	95.81
0.17115384615384616	0.4137653183626073	95.31	95.79
0.1717948717948718	0.41229214765524375	95.31	95.79
0.17243589743589743	0.40339213463495993	95.75	96.1
0.17307692307692307	0.37247791353232756	95.75	96.34
0.1737179487179487	0.4141161716281653	95.76	96.33
0.17435897435897435	0.3735085818500528	95.79	96.32
0.175	0.3735085818500528	95.79	96.32
0.17564102564102563	0.37790846434046865	95.98	96.28
0.1762820512820513	0.36917589699223496	96.24	96.53
0.17692307692307693	0.37428928975705034	96.01	96.31
0.17756410256410257	0.37428928975705034	96.08	96.31
0.1782051282051282	0.37428928975705034	96.08	96.31
0.17884615384615385	0.3695596509501698	96.19	96.56
0.1794871794871795	0.40092551672922366	96.11	96.51
0.18012820512820513	0.402103249567347	95.83	96.16
0.18076923076923077	0.3888581652825989	95.54	95.95
0.1814102564102564	0.3888581652825989	95.54	95.95
0.18205128205128204	0.400650053414133	95.55	95.95
0.18269230769230768	0.40065064155407926	95.56	96.1
0.18333333333333332	0.39038961200793804	95.79	96.09
0.183974358974359	0.4039616021130775	95.65	96.06
0.18461538461538463	0.4220101016653087	95.66	96.04
0.18525641025641026	0.407275865951176	95.52	95.86
0.1858974358974359	0.421285670807631	95.54	95.86
0.18653846153846154	0.421285670807631	95.54	95.87
0.18717948717948718	0.4065434671005464	95.54	95.87
0.18782051282051282	0.40654368836257254	95.55	95.87
0.18846153846153846	0.4065437104887171	95.55	95.87
0.1891025641025641	0.44128198671808827	95.25	95.58
0.18974358974358974	0.44128198671808827	95.31	95.8
0.19038461538461537	0.41761182540823205	95.48	95.8
0.191025641025641	0.41208464088119595	95.52	95.8
0.19166666666666668	0.42278313054600414	95.49	95.68
0.19230769230769232	0.42128189176546693	95.57	95.81
0.19294871794871796	0.4065861955171077	95.66	96.0
0.1935897435897436	0.4117393779177909	95.71	95.99
0.19423076923076923	0.38753551353103705	96.0	96.24
0.19487179487179487	0.408090095069669	95.8	96.03
0.1955128205128205	0.4092018480786722	95.65	96.02
0.19615384615384615	0.42062991375452335	95.55	96.0
0.1967948717948718	0.3978267829707548	95.55	95.97
0.19743589743589743	0.4051694670134771	95.55	95.94
0.19807692307692307	0.4158434751981446	95.55	95.95
0.1987179487179487	0.4473233741729409	95.31	95.7
0.19935897435897437	0.43358958115864943	95.31	95.7
0.2	0.46148836100332	94.95	95.46
0.20064102564102565	0.4369297075692672	94.95	95.46
0.2012820512820513	0.4369297075692672	94.95	95.46
0.20192307692307693	0.4659730623319103	94.95	95.44
0.20256410256410257	0.4659730623319103	94.96	95.44
0.2032051282051282	0.4384141429621707	95.0	95.44
0.20384615384615384	0.4704630140346384	95.01	95.44
0.20448717948717948	0.4406414576238459	95.05	95.44
0.20512820512820512	0.4652272295893572	95.05	95.36
0.20576923076923076	0.47121846457723676	94.87	95.23
0.2064102564102564	0.46747700327042024	94.88	95.23
0.20705128205128207	0.4653382392614872	94.9	95.23
0.2076923076923077	0.44362537758583187	95.11	95.37
0.20833333333333334	0.44436981948825144	95.18	95.37
0.20897435897435898	0.4510655607296921	95.17	95.37
0.20961538461538462	0.4510655607296921	95.17	95.37
0.21025641025641026	0.4509312837735325	95.47	95.77
0.2108974358974359	0.4548141310399969	95.04	95.36
0.21153846153846154	0.4458810286767244	95.06	95.35
0.21217948717948718	0.44588129716072056	95.09	95.34
0.2128205128205128	0.4458837467836227	95.14	95.34
0.21346153846153845	0.463029898565415	95.02	95.31
0.2141025641025641	0.4481191404916409	95.04	95.31
0.21474358974358973	0.4626597473810504	94.95	95.28
0.2153846153846154	0.4697640469394292	94.96	95.25
0.21602564102564104	0.46826731319975534	94.96	95.25
0.21666666666666667	0.47299198578105434	94.97	95.2
0.2173076923076923	0.47613449120184886	94.87	95.0
0.21794871794871795	0.49154398242708514	94.73	94.96
0.2185897435897436	0.4750135288506592	94.73	94.95
0.21923076923076923	0.4750135583482508	94.73	94.95
0.21987179487179487	0.4750135583482508	94.73	94.95
0.2205128205128205	0.4938046953576576	94.59	94.8
0.22115384615384615	0.5020972992582065	94.59	94.8
0.22179487179487178	0.5008740039370347	94.62	94.8
0.22243589743589742	0.48477564246469923	94.77	94.95
0.2230769230769231	0.47127208603443344	94.96	95.27
0.22371794871794873	0.4604312249941697	95.02	95.28
0.22435897435897437	0.4505618073536035	95.03	95.28
0.225	0.454092785817335	95.03	95.28
0.22564102564102564	0.45694257304027974	95.03	95.28
0.22628205128205128	0.45694257304027974	95.03	95.28
0.22692307692307692	0.45037045220484845	95.03	95.28
0.22756410256410256	0.45260508697343793	95.03	95.28
0.2282051282051282	0.44652497614352404	95.28	95.47
0.22884615384615384	0.4503809687375495	95.15	95.44
0.22948717948717948	0.43700747233189097	95.15	95.46
0.23012820512820512	0.45783535988546153	95.15	95.45
0.23076923076923078	0.45933254299258575	95.03	95.32
0.23141025641025642	0.45933254299258575	95.03	95.32
0.23205128205128206	0.4474114268438098	95.05	95.31
0.2326923076923077	0.44295360656831406	95.18	95.45
0.23333333333333334	0.4362752191741477	95.35	95.63
0.23397435897435898	0.40380302167728277	95.59	95.95
0.23461538461538461	0.40617971929949986	95.61	95.95
0.23525641025641025	0.4221331139080214	95.61	95.93
0.2358974358974359	0.3972161062395765	95.92	96.16
0.23653846153846153	0.3972161062395765	95.93	96.16
0.23717948717948717	0.38550554867686726	96.1	96.25
0.2378205128205128	0.3745692448340843	96.22	96.4
0.23846153846153847	0.38041602504739236	96.1	96.33
0.2391025641025641	0.38992776536618057	95.95	96.11
0.23974358974358975	0.3782581089648006	95.9	96.26
0.2403846153846154	0.3826553059038431	96.07	96.43
0.24102564102564103	0.36591373855116766	96.14	96.44
0.24166666666666667	0.360853779323548	96.2	96.48
0.2423076923076923	0.38052584802356026	96.17	96.48
0.24294871794871795	0.38052584802356026	96.17	96.48
0.24358974358974358	0.38055145168729865	96.12	96.4
0.24423076923076922	0.39629578617922495	95.91	96.12
0.24487179487179486	0.4010670150207669	95.93	96.16
0.2455128205128205	0.40180126214648193	95.93	96.16
0.24615384615384617	0.376935265751068	96.21	96.4
0.2467948717948718	0.3788847113058431	96.23	96.36
0.24743589743589745	0.37112053204023543	96.31	96.42
0.24807692307692308	0.3667635317115372	96.33	96.45
0.24871794871794872	0.36752477625126206	96.33	96.45
0.24935897435897436	0.3755399424522231	96.3	96.45
0.25	0.37008964825348184	96.3	96.45
0.25064102564102564	0.37409714570337216	96.3	96.44
0.2512820512820513	0.37045795917008917	96.3	96.44
0.2519230769230769	0.3532680721512213	96.43	96.61
0.25256410256410255	0.35998866276088937	96.44	96.61
0.2532051282051282	0.34369095497813706	96.66	96.8
0.25384615384615383	0.3465941208501993	96.42	96.7
0.25448717948717947	0.3458732074235292	96.42	96.71
0.2551282051282051	0.34804924357165873	96.62	96.8
0.25576923076923075	0.3487746853362723	96.63	96.81
0.2564102564102564	0.32859138208835525	96.87	96.98
0.257051282051282	0.3268613501527466	96.9	97.08
0.25769230769230766	0.31933174098915024	96.9	97.14
0.25833333333333336	0.3281656482018538	96.88	97.09
0.258974358974359	0.31510691446270106	96.98	97.13
0.25961538461538464	0.31874676825940795	97.03	97.15
0.2602564102564103	0.3144591484752748	97.07	97.23
0.2608974358974359	0.31446116112154904	97.1	97.23
0.26153846153846155	0.31242662402357896	97.11	97.23
0.2621794871794872	0.3037693068135112	97.17	97.3
0.26282051282051283	0.3002120061908289	97.23	97.37
0.26346153846153847	0.29881240710158447	97.33	97.49
0.2641025641025641	0.29169116592457395	97.34	97.48
0.26474358974358975	0.2924987353704393	97.31	97.46
0.2653846153846154	0.2755275215344002	97.47	97.68
0.266025641025641	0.2820783272322614	97.47	97.64
0.26666666666666666	0.2858134157212378	97.47	97.64
0.2673076923076923	0.2858134157212378	97.47	97.64
0.26794871794871794	0.29106810500045144	97.39	97.6
0.2685897435897436	0.28338749844497696	97.5	97.62
0.2692307692307692	0.29192920235166864	97.39	97.57
0.26987179487179486	0.29442451034312395	97.39	97.57
0.2705128205128205	0.2901888306857023	97.41	97.56
0.27115384615384613	0.2955336205824241	97.41	97.56
0.2717948717948718	0.2884781700482092	97.36	97.63
0.2724358974358974	0.29631032664436313	97.36	97.59
0.27307692307692305	0.29631032664436313	97.36	97.62
0.27371794871794874	0.28140439418814617	97.45	97.65
0.2743589743589744	0.27736225929023417	97.5	97.73
0.275	0.2743281595250807	97.5	97.73
0.27564102564102566	0.27362555810132067	97.5	97.73
0.2762820512820513	0.2644963161945231	97.72	97.86
0.27692307692307694	0.27726474867344036	97.63	97.73
0.2775641025641026	0.2904269465107019	97.36	97.62
0.2782051282051282	0.2918538389734338	97.36	97.59
0.27884615384615385	0.2926049536206236	97.37	97.58
0.2794871794871795	0.28798881825746864	97.31	97.54
0.28012820512820513	0.3026750556670688	97.22	97.43
0.28076923076923077	0.3044711321318469	97.17	97.43
0.2814102564102564	0.2980679868830061	97.18	97.41
0.28205128205128205	0.30520728419426074	97.17	97.41
0.2826923076923077	0.2973621485659157	97.17	97.41
0.2833333333333333	0.2980862269613229	97.17	97.4
0.28397435897435896	0.3138029303149163	97.17	97.39
0.2846153846153846	0.31604552347724496	97.07	97.21
0.28525641025641024	0.3117684464306511	97.08	97.26
0.2858974358974359	0.311792633361426	97.08	97.4
0.2865384615384615	0.3127166415718906	97.08	97.39
0.28717948717948716	0.29396402093857793	97.31	97.53
0.2878205128205128	0.288985993698793	97.31	97.53
0.28846153846153844	0.3025212826355876	97.31	97.52
0.28910256410256413	0.29045603030608586	97.24	97.57
0.28974358974358977	0.2947594169862443	97.24	97.57
0.2903846153846154	0.29722496665374937	97.25	97.57
0.29102564102564105	0.29687459843789815	97.26	97.57
0.2916666666666667	0.2958091494282702	97.28	97.58
0.2923076923076923	0.2805517392568604	97.58	97.72
0.29294871794871796	0.27773073033797363	97.61	97.75
0.2935897435897436	0.3004947857967768	97.36	97.7
0.29423076923076924	0.30978627999639863	97.19	97.44
0.2948717948717949	0.3046592277226966	97.19	97.44
0.2955128205128205	0.2969467664548265	97.19	97.42
0.29615384615384616	0.3090850383121318	97.19	97.42
0.2967948717948718	0.3098011502832014	97.19	97.36
0.29743589743589743	0.3105174038378697	97.19	97.33
0.2980769230769231	0.31271518021453487	97.16	97.32
0.2987179487179487	0.3055814933929594	97.16	97.32
0.29935897435897435	0.29921096053527524	97.21	97.38
0.3	0.3071253208640771	97.21	97.4
0.3006410256410256	0.3185286949799498	97.11	97.28
0.30128205128205127	0.3357839802352051	96.87	97.09
0.3019230769230769	0.3022411498202549	96.87	97.08
0.30256410256410254	0.33578918986637757	96.87	97.05
0.3032051282051282	0.3466346455377558	96.72	96.96
0.3038461538461538	0.3379776361451881	96.57	96.83
0.30448717948717946	0.3538932472482171	96.62	96.93
0.30512820512820515	0.3329566754657735	96.62	96.93
0.3057692307692308	0.3426896901335745	96.62	96.93
0.30641025641025643	0.3524498244310253	96.62	96.85
0.30705128205128207	0.3476620923392344	96.62	96.84
0.3076923076923077	0.3455863005089888	96.62	96.84
0.30833333333333335	0.33730450341609747	96.77	96.92
0.308974358974359	0.3293870113446011	96.78	96.97
0.3096153846153846	0.3358697377095166	96.79	96.97
0.31025641025641026	0.3351522738255932	96.79	96.92
0.3108974358974359	0.3416437082868678	96.79	96.92
0.31153846153846154	0.33495383454229727	96.79	96.92
0.3121794871794872	0.34634978733454214	96.64	96.8
0.3128205128205128	0.3471161373138207	96.64	96.79
0.31346153846153846	0.34242240568198934	96.64	96.79
0.3141025641025641	0.34098835417176054	96.71	96.9
0.31474358974358974	0.33594265857569927	96.74	96.9
0.3153846153846154	0.3409913294331573	96.82	96.99
0.316025641025641	0.3180087105107892	97.02	97.12
0.31666666666666665	0.31443345069597267	97.17	97.26
0.3173076923076923	0.3079971714107466	97.18	97.34
0.31794871794871793	0.32232788727224415	97.05	97.25
0.31858974358974357	0.3376410973928311	97.01	97.23
0.3192307692307692	0.3376410973928311	97.03	97.23
0.31987179487179485	0.3376410973928311	97.09	97.23
0.32051282051282054	0.3101629608428623	97.18	97.28
0.3211538461538462	0.305669334227016	97.22	97.34
0.3217948717948718	0.305669334227016	97.24	97.34
0.32243589743589746	0.3011022632274108	97.29	97.45
0.3230769230769231	0.29840128638271207	97.29	97.5
0.32371794871794873	0.29876533100860186	97.39	97.5
0.3243589743589744	0.29450219203981026	97.37	97.48
0.325	0.30284000196929833	97.4	97.5
0.32564102564102565	0.290981427140182	97.4	97.54
0.3262820512820513	0.2966780687224743	97.4	97.54
0.3269230769230769	0.30167871775567395	97.31	97.49
0.32756410256410257	0.30167871775567395	97.31	97.49
0.3282051282051282	0.304536732841367	97.31	97.42
0.32884615384615384	0.3038240045131943	97.31	97.44
0.3294871794871795	0.2952756593696033	97.39	97.44
0.3301282051282051	0.2955853193736166	97.3	97.44
0.33076923076923076	0.300353731387271	97.31	97.44
0.3314102564102564	0.30456655580562386	97.18	97.43
0.33205128205128204	0.2974365280302002	97.19	97.42
0.3326923076923077	0.30244259246889693	97.35	97.46
0.3333333333333333	0.31461546721829836	97.1	97.24
0.33397435897435895	0.31035172116340476	97.1	97.24
0.3346153846153846	0.3035571927819054	97.1	97.32
0.33525641025641023	0.3162783040856269	97.1	97.32
0.33589743589743587	0.3137501978405847	96.87	97.21
0.33653846153846156	0.3046793084185464	96.87	97.19
0.3371794871794872	0.3046793084185464	96.87	97.19
0.33782051282051284	0.3279332853361845	96.84	97.06
0.3384615384615385	0.3279332853361845	96.85	97.07
0.3391025641025641	0.3374936638263282	96.85	97.07
0.33974358974358976	0.3232678674878368	96.85	97.06
0.3403846153846154	0.33175530208316145	96.85	97.06
0.34102564102564104	0.3340554595301641	96.85	97.03
0.3416666666666667	0.3247212195203261	96.95	97.11
0.3423076923076923	0.3189835800325625	97.02	97.18
0.34294871794871795	0.31610392051309005	97.11	97.28
0.3435897435897436	0.3261750271987452	96.96	97.18
0.34423076923076923	0.3283493261080909	96.92	97.04
0.34487179487179487	0.3300528896622876	96.92	97.0
0.3455128205128205	0.31949847724329666	96.87	97.11
0.34615384615384615	0.32884624109632593	96.88	97.06
0.3467948717948718	0.3357098172910589	96.88	97.11
0.3474358974358974	0.3195356211725013	96.89	97.11
0.34807692307692306	0.32869055102046824	96.98	97.24
0.3487179487179487	0.32833834462612427	96.98	97.24
0.34935897435897434	0.32222027951915583	96.99	97.23
0.35	0.32062163726693116	96.99	97.2
0.3506410256410256	0.3270110264674794	97.0	97.2
0.35128205128205126	0.31956155763556743	97.11	97.3
0.35192307692307695	0.3059704937910472	97.12	97.32
0.3525641025641026	0.3116928541229758	97.12	97.33
0.3532051282051282	0.32827209315071776	97.12	97.33
0.35384615384615387	0.30265000112099766	97.16	97.45
0.3544871794871795	0.2945919984561447	97.17	97.46
0.35512820512820514	0.3017299484531471	97.21	97.46
0.3557692307692308	0.2960377928532134	97.22	97.47
0.3564102564102564	0.2854032759599655	97.32	97.65
0.35705128205128206	0.2818810809560269	97.32	97.64
0.3576923076923077	0.2818810809560269	97.33	97.63
0.35833333333333334	0.2783678579932498	97.56	97.72
0.358974358974359	0.2876097374866021	97.49	97.72
0.3596153846153846	0.2876097374866021	97.46	97.67
0.36025641025641025	0.2876182498544857	97.47	97.7
0.3608974358974359	0.2876182498544857	97.46	97.68
0.36153846153846153	0.2890464272676787	97.46	97.61
0.36217948717948717	0.28198558707158106	97.47	97.66
0.3628205128205128	0.27059477786159	97.64	97.8
0.36346153846153845	0.26998707169000996	97.7	97.89
0.3641025641025641	0.26691183016587194	97.81	97.9
0.3647435897435897	0.25703360265541897	97.89	98.0
0.36538461538461536	0.26127310755819205	97.91	97.98
0.366025641025641	0.2577632076322837	97.92	97.99
0.36666666666666664	0.25776813183757324	97.93	97.99
0.36730769230769234	0.2521882184636214	97.97	98.17
0.367948717948718	0.25239527647800486	98.0	98.17
0.3685897435897436	0.24448696773247797	98.17	98.29
0.36923076923076925	0.23122590769663645	98.17	98.39
0.3698717948717949	0.25796962698515224	97.76	98.02
0.37051282051282053	0.2558639187703703	97.69	98.0
0.37115384615384617	0.2702073924335948	97.72	97.82
0.3717948717948718	0.25868980235241507	97.78	97.98
0.37243589743589745	0.26433260484098925	97.8	97.97
0.3730769230769231	0.25659541759790416	97.95	98.11
0.3737179487179487	0.24886675988625823	97.97	98.16
0.37435897435897436	0.2460644322463262	97.98	98.24
0.375	0.22842377806269065	98.2	98.4
0.37564102564102564	0.23149764163892367	98.3	98.44
0.3762820512820513	0.23922033838905238	98.25	98.43
0.3769230769230769	0.22956868687664309	98.25	98.44
0.37756410256410255	0.22956868687664309	98.25	98.44
0.3782051282051282	0.23713755432501005	98.26	98.43
0.37884615384615383	0.23294359271777973	98.27	98.4
0.37948717948717947	0.23853612872943888	98.27	98.41
0.3801282051282051	0.23649913686159021	98.22	98.38
0.38076923076923075	0.24190853337602408	98.09	98.19
0.3814102564102564	0.2593976947866834	97.94	98.01
0.382051282051282	0.2595837636017423	97.94	98.01
0.38269230769230766	0.25958551785443773	97.94	98.01
0.38333333333333336	0.2582598847630342	97.97	98.02
0.383974358974359	0.25097217572555997	98.0	98.1
0.38461538461538464	0.2466971197819717	98.08	98.16
0.3852564102564103	0.25868830326336695	97.95	98.08
0.3858974358974359	0.26258468205914665	97.91	98.01
0.38653846153846155	0.26189366807342745	97.82	97.98
0.3871794871794872	0.25942833265160786	97.83	97.99
0.38782051282051283	0.2629741399664808	97.89	98.0
0.38846153846153847	0.2566376823173546	97.9	98.02
0.3891025641025641	0.2566376823173546	97.9	98.04
0.38974358974358975	0.2686639461442514	97.83	98.0
0.3903846153846154	0.26937302458669865	97.83	98.0
0.391025641025641	0.25412117116574706	97.7	97.85
0.39166666666666666	0.2740081513385978	97.7	97.85
0.3923076923076923	0.2793315090994853	97.63	97.74
0.39294871794871794	0.27579499051104484	97.63	97.76
0.3935897435897436	0.28430418513481054	97.55	97.74
0.3942307692307692	0.27689537125728325	97.56	97.74
0.39487179487179486	0.26735306580158474	97.79	97.93
0.3955128205128205	0.2631213054232302	97.82	97.92
0.39615384615384613	0.2624528804399209	97.81	97.94
0.3967948717948718	0.2624528804399209	97.81	97.94
0.3974358974358974	0.2624528804399209	97.81	97.93
0.39807692307692305	0.2801321509783322	97.63	97.8
0.39871794871794874	0.2801321509783322	97.53	97.7
0.3993589743589744	0.2829702445720922	97.53	97.69
0.4	0.28736365188861807	97.53	97.67
0.40064102564102566	0.28226978063242025	97.53	97.67
0.4012820512820513	0.28582482100177925	97.42	97.64
0.40192307692307694	0.2942554691843073	97.42	97.63
0.4025641025641026	0.25807154559096823	97.43	97.61
0.4032051282051282	0.2744913304980187	97.68	97.79
0.40384615384615385	0.2724074158493425	97.69	97.85
0.4044871794871795	0.2674671946033931	97.74	97.89
0.40512820512820513	0.26535522588155636	97.77	97.98
0.40576923076923077	0.2724195317490919	97.79	97.98
0.4064102564102564	0.25971778485339353	97.84	97.98
0.40705128205128205	0.2759696256379011	97.76	97.95
0.4076923076923077	0.2679537635075521	97.75	97.95
0.4083333333333333	0.2679537635075521	97.75	97.96
0.40897435897435896	0.2753848723252378	97.75	97.97
0.4096153846153846	0.26890214902823795	97.77	97.97
0.41025641025641024	0.2608589983671341	97.76	97.97
0.4108974358974359	0.2608589983671341	97.76	97.95
0.4115384615384615	0.2685638469494786	97.76	97.95
0.41217948717948716	0.2668107815214129	97.79	97.98
0.4128205128205128	0.26893055783932723	97.79	97.98
0.41346153846153844	0.2580250763052052	97.95	98.06
0.41410256410256413	0.2513425079378037	97.95	98.11
0.41474358974358977	0.2595015086890453	97.91	98.06
0.4153846153846154	0.2540545129665525	97.92	98.09
0.41602564102564105	0.2616247918082312	97.92	98.11
0.4166666666666667	0.23397075242066664	98.31	98.36
0.4173076923076923	0.2305037454912304	98.21	98.4
0.41794871794871796	0.23714946823744443	98.21	98.4
0.4185897435897436	0.24311677575173501	98.16	98.32
0.41923076923076924	0.25242846405001285	98.16	98.33
0.4198717948717949	0.23755289640758703	98.18	98.31
0.4205128205128205	0.23685453988352223	98.16	98.32
0.42115384615384616	0.2508871825555675	98.19	98.32
0.4217948717948718	0.23547104762336257	98.25	98.45
0.42243589743589743	0.2318083904347381	98.26	98.36
0.4230769230769231	0.20078656017045604	98.63	98.83
0.4237179487179487	0.21191591740695934	98.68	98.83
0.42435897435897435	0.20984689565556125	98.63	98.83
0.425	0.20845917050527668	98.63	98.83
0.4256410256410256	0.2015263347074513	98.63	98.83
0.42628205128205127	0.20111773568522093	98.64	98.83
0.4269230769230769	0.20987514068326604	98.59	98.83
0.42756410256410254	0.20086284258963025	98.6	98.83
0.4282051282051282	0.20155742520694606	98.61	98.82
0.4288461538461538	0.2101788717661126	98.58	98.73
0.42948717948717946	0.2109888552077257	98.61	98.79
0.43012820512820515	0.20859369378119771	98.55	98.75
0.4307692307692308	0.20790639827036206	98.61	98.74
0.43141025641025643	0.2162901572844469	98.59	98.69
0.43205128205128207	0.23087867745789278	98.35	98.49
0.4326923076923077	0.23035391205096667	98.35	98.47
0.43333333333333335	0.26020116158093987	97.89	98.07
0.433974358974359	0.2598757730825086	97.94	98.06
0.4346153846153846	0.25759689494420684	97.96	98.14
0.43525641025641026	0.2556853357631414	97.96	98.14
0.4358974358974359	0.2563917922769161	97.94	98.13
0.43653846153846154	0.26273487349831076	97.86	98.0
0.4371794871794872	0.26273487349831076	97.86	98.0
0.4378205128205128	0.26273487349831076	97.86	98.0
0.43846153846153846	0.2627349551347068	97.87	98.0
0.4391025641025641	0.2635050831435095	97.93	98.06
0.43974358974358974	0.25858394388161327	97.99	98.12
0.4403846153846154	0.2557699792312783	97.99	98.06
0.441025641025641	0.2529743430844107	98.08	98.13
0.44166666666666665	0.2536887523169824	98.08	98.14
0.4423076923076923	0.24037971464232197	98.21	98.37
0.44294871794871793	0.24186033219514091	98.15	98.35
0.44358974358974357	0.2559163230202828	98.0	98.19
0.4442307692307692	0.24398471392254711	98.06	98.3
0.44487179487179485	0.23908006990305777	98.06	98.29
0.44551282051282054	0.23908006990305777	98.08	98.29
0.4461538461538462	0.23908006990305777	98.08	98.29
0.4467948717948718	0.25118060282643445	98.08	98.28
0.44743589743589746	0.2370061400497919	98.29	98.56
0.4480769230769231	0.2314158325058653	98.29	98.56
0.44871794871794873	0.2329127023899539	98.36	98.56
0.4493589743589744	0.234206551671299	98.36	98.56
0.45	0.2335190580204867	98.4	98.53
0.45064102564102565	0.22653657866406804	98.42	98.5
0.4512820512820513	0.23004396377163075	98.24	98.5
0.4519230769230769	0.23215984348190377	98.06	98.39
0.45256410256410257	0.245116913812959	98.06	98.36
0.4532051282051282	0.245116913812959	98.05	98.35
0.45384615384615384	0.23636371445445206	98.1	98.35
0.4544871794871795	0.2461779469591557	98.05	98.22
0.4551282051282051	0.24548395901000464	98.2	98.36
0.45576923076923076	0.24548395901000464	98.2	98.36
0.4564102564102564	0.24548395901000464	98.2	98.36
0.45705128205128204	0.23452620439122018	98.22	98.36
0.4576923076923077	0.23850534050236236	98.2	98.4
0.4583333333333333	0.2420092429656553	98.2	98.36
0.45897435897435895	0.23843877115426815	98.2	98.36
0.4596153846153846	0.2392276399672373	98.21	98.39
0.46025641025641023	0.25963096136783925	97.85	98.16
0.46089743589743587	0.25963096136783925	97.85	98.16
0.46153846153846156	0.24908363665017416	97.85	98.15
0.4621794871794872	0.24908363665017416	97.86	98.15
0.46282051282051284	0.2540025065636731	97.85	98.15
0.4634615384615385	0.25681706302184254	97.86	98.12
0.4641025641025641	0.25016661063844897	97.87	98.13
0.46474358974358976	0.2449128777124867	98.15	98.25
0.4653846153846154	0.2512407038667892	98.02	98.22
0.46602564102564104	0.2512407038667892	98.02	98.22
0.4666666666666667	0.24492605129294334	98.03	98.22
0.4673076923076923	0.24429548099318765	98.03	98.22
0.46794871794871795	0.24563323965607933	98.04	98.21
0.4685897435897436	0.252674308701002	97.89	98.1
0.46923076923076923	0.2562018055563002	97.94	98.1
0.46987179487179487	0.25691380899282934	97.89	98.04
0.4705128205128205	0.2632784041322131	97.9	98.12
0.47115384615384615	0.25769960662143054	97.89	98.04
0.4717948717948718	0.26615975572263084	97.89	98.06
0.4724358974358974	0.259833798368803	97.91	98.11
0.47307692307692306	0.256323590023932	97.93	98.18
0.4737179487179487	0.24090074811244483	98.19	98.33
0.47435897435897434	0.24090074811244483	98.19	98.33
0.475	0.24160132852291957	98.19	98.33
0.4756410256410256	0.24160132852291957	98.19	98.32
0.47628205128205126	0.23321845801374488	98.24	98.43
0.47692307692307695	0.23042443918780445	98.25	98.43
0.4775641025641026	0.23042751717767934	98.25	98.43
0.4782051282051282	0.25006593441971037	98.12	98.25
0.47884615384615387	0.2544528292739779	98.12	98.25
0.4794871794871795	0.2544528292739779	98.12	98.25
0.48012820512820514	0.25092574323981637	98.12	98.26
0.4807692307692308	0.24165079264064673	98.12	98.26
0.4814102564102564	0.2444545164519771	98.12	98.25
0.48205128205128206	0.2514740036426246	98.12	98.26
0.4826923076923077	0.2444564804469017	98.12	98.26
0.48333333333333334	0.25148064027976685	98.04	98.24
0.483974358974359	0.2467986399069386	98.04	98.24
0.4846153846153846	0.2500799576441571	98.05	98.24
0.48525641025641025	0.24964596850172038	98.05	98.24
0.4858974358974359	0.24964596850172038	98.05	98.24
0.48653846153846153	0.2479786665268233	98.06	98.18
0.48717948717948717	0.25501367755664844	98.05	98.16
0.4878205128205128	0.25501367755664844	98.05	98.16
0.48846153846153845	0.2498766432805289	98.08	98.2
0.4891025641025641	0.2502708089065937	98.08	98.2
0.4897435897435897	0.2502708089065937	98.08	98.2
0.49038461538461536	0.2502708089065937	98.08	98.2
0.491025641025641	0.2502708089065937	98.08	98.2
0.49166666666666664	0.2530998053869673	98.05	98.18
0.49230769230769234	0.25172826563780765	98.06	98.18
0.492948717948718	0.25172826563780765	98.06	98.18
0.4935897435897436	0.24751864842420176	98.06	98.18
0.49423076923076925	0.25314808445360704	98.06	98.18
0.4948717948717949	0.25314808445360704	98.06	98.19
0.49551282051282053	0.2510398732923108	98.06	98.19
0.49615384615384617	0.2510398732923108	98.06	98.19
0.4967948717948718	0.2513982886837157	98.06	98.19
0.49743589743589745	0.24932457542078915	98.12	98.19
0.4980769230769231	0.26379074973514366	97.85	98.05
0.4987179487179487	0.26802457653674894	97.85	98.03
0.49935897435897436	0.254891904294354	97.97	98.16
0.5	0.2566955413864008	97.98	98.25
0.5006410256410256	0.2566955413864008	98.0	98.25
0.5012820512820513	0.2566955413864008	98.0	98.24
0.5019230769230769	0.2534884239251249	98.01	98.24
0.5025641025641026	0.24788010613040992	98.01	98.23
0.5032051282051282	0.24788010613040992	98.03	98.23
0.5038461538461538	0.2609042480679863	98.03	98.21
0.5044871794871795	0.2609042480679863	98.03	98.22
0.5051282051282051	0.24952559641372715	98.04	98.23
0.5057692307692307	0.2499890821574523	98.08	98.23
0.5064102564102564	0.2443824842790301	98.09	98.23
0.507051282051282	0.25353187604037525	98.1	98.23
0.5076923076923077	0.25495361533609817	98.02	98.17
0.5083333333333333	0.2521430532661053	98.02	98.17
0.5089743589743589	0.2521430532661053	98.02	98.17
0.5096153846153846	0.2521430532661053	98.02	98.17
0.5102564102564102	0.2521430532661053	98.02	98.17
0.5108974358974359	0.2521430532661053	98.02	98.17
0.5115384615384615	0.2605096285717363	97.92	98.07
0.5121794871794871	0.2606032379377886	97.94	98.09
0.5128205128205128	0.25499458904336253	97.91	98.09
0.5134615384615384	0.25429288552145696	97.91	98.09
0.514102564102564	0.2571079981707616	97.94	98.09
0.5147435897435897	0.26062975340810407	97.94	98.09
0.5153846153846153	0.2557755800401609	97.95	98.09
0.5160256410256411	0.26063416328568856	97.95	98.09
0.5166666666666667	0.25500605062020887	97.95	98.08
0.5173076923076924	0.25500605062020887	97.95	98.08
0.517948717948718	0.2585243328679991	97.96	98.08
0.5185897435897436	0.2625873758220451	97.97	98.08
0.5192307692307693	0.26066841593580325	97.96	98.03
0.5198717948717949	0.2610233793760856	97.96	98.07
0.5205128205128206	0.2577010576241263	97.96	98.07
0.5211538461538462	0.2577010576241263	97.95	98.07
0.5217948717948718	0.2568533433814607	97.97	98.09
0.5224358974358975	0.253006031575476	98.08	98.12
0.5230769230769231	0.25793938108729214	97.98	98.12
0.5237179487179487	0.24881550431467278	98.09	98.2
0.5243589743589744	0.24601496866351877	98.13	98.24
0.525	0.24601496866351877	98.14	98.25
0.5256410256410257	0.25024873117221574	98.03	98.24
0.5262820512820513	0.25024873117221574	98.06	98.24
0.5269230769230769	0.24393474134476256	98.06	98.24
0.5275641025641026	0.2512619392276883	98.06	98.24
0.5282051282051282	0.2512619392276883	98.06	98.21
0.5288461538461539	0.2512619392276883	98.06	98.21
0.5294871794871795	0.2366456878562402	98.28	98.42
0.5301282051282051	0.23215313882783375	98.29	98.42
0.5307692307692308	0.24128098415745913	98.23	98.36
0.5314102564102564	0.24023488965008202	98.23	98.36
0.532051282051282	0.24023488965008202	98.23	98.36
0.5326923076923077	0.2405850464528573	98.23	98.36
0.5333333333333333	0.23705099685365452	98.23	98.36
0.533974358974359	0.23638722099345785	98.23	98.36
0.5346153846153846	0.24277968073691017	98.23	98.33
0.5352564102564102	0.24277968073691017	98.23	98.33
0.5358974358974359	0.23721092998423324	98.28	98.42
0.5365384615384615	0.24141711763579843	98.28	98.4
0.5371794871794872	0.24353091168731464	98.23	98.38
0.5378205128205128	0.23443270319745727	98.23	98.38
0.5384615384615384	0.2421618455700321	98.27	98.42
0.5391025641025641	0.2421618455700321	98.27	98.42
0.5397435897435897	0.24465991673116858	98.17	98.3
0.5403846153846154	0.24147317986165925	98.18	98.3
0.541025641025641	0.24147317986165925	98.18	98.3
0.5416666666666666	0.24572143446332553	98.13	98.23
0.5423076923076923	0.2492673088772621	98.08	98.19
0.5429487179487179	0.2555860202665766	98.08	98.19
0.5435897435897435	0.2539918930858234	98.08	98.19
0.5442307692307692	0.2539918930858234	98.08	98.19
0.5448717948717948	0.24719370788825742	98.19	98.25
0.5455128205128205	0.24961252594532402	98.14	98.19
0.5461538461538461	0.25143436124177454	98.12	98.19
0.5467948717948717	0.25143436124177454	98.12	98.19
0.5474358974358975	0.25143436124177454	98.12	98.19
0.5480769230769231	0.2511169250306267	98.12	98.17
0.5487179487179488	0.25923361907796705	97.96	98.14
0.5493589743589744	0.2599391352835612	97.96	98.14
0.55	0.2599391352835612	97.96	98.14
0.5506410256410257	0.27052464394610215	97.86	98.05
0.5512820512820513	0.2694744932203813	97.86	97.91
0.551923076923077	0.2751384299433878	97.75	97.91
0.5525641025641026	0.2783323715801212	97.67	97.79
0.5532051282051282	0.2896850583499283	97.57	97.74
0.5538461538461539	0.2911097387062447	97.56	97.73
0.5544871794871795	0.28695917598432763	97.57	97.73
0.5551282051282052	0.28695917598432763	97.58	97.74
0.5557692307692308	0.28695917598432763	97.57	97.74
0.5564102564102564	0.28695917598432763	97.57	97.74
0.5570512820512821	0.2491120779442924	97.58	97.74
0.5576923076923077	0.2854350120943534	97.57	97.71
0.5583333333333333	0.2854350120943534	97.57	97.71
0.558974358974359	0.2868553740894068	97.57	97.71
0.5596153846153846	0.292549089270703	97.45	97.59
0.5602564102564103	0.292549089270703	97.45	97.59
0.5608974358974359	0.28667315987331177	97.55	97.73
0.5615384615384615	0.29257270611890546	97.56	97.73
0.5621794871794872	0.29257270611890546	97.56	97.74
0.5628205128205128	0.29186430633336263	97.48	97.67
0.5634615384615385	0.28477288872255285	97.54	97.68
0.5641025641025641	0.28531984306201635	97.54	97.75
0.5647435897435897	0.2947108996376453	97.5	97.72
0.5653846153846154	0.2926063911413816	97.49	97.65
0.566025641025641	0.2926063911413816	97.49	97.61
0.5666666666666667	0.2926063911413816	97.49	97.61
0.5673076923076923	0.30542400380323603	97.35	97.44
0.5679487179487179	0.3018800677929712	97.35	97.5
0.5685897435897436	0.3018800677929712	97.35	97.5
0.5692307692307692	0.3050349562133185	97.27	97.42
0.5698717948717948	0.30582876613154275	97.32	97.48
0.5705128205128205	0.3162229474057964	97.17	97.32
0.5711538461538461	0.32052102159569046	97.05	97.24
0.5717948717948718	0.3141215275287787	97.07	97.23
0.5724358974358974	0.32842806636947897	97.05	97.24
0.573076923076923	0.3284339493418858	97.05	97.21
0.5737179487179487	0.33851844243769513	96.89	96.99
0.5743589743589743	0.3486210975783439	96.77	96.95
0.575	0.3486210975783439	96.77	96.95
0.5756410256410256	0.31209596973761866	96.77	96.95
0.5762820512820512	0.35010427243837094	96.7	96.9
0.5769230769230769	0.3682985999370633	96.33	96.51
0.5775641025641025	0.3603522168103283	96.46	96.65
0.5782051282051283	0.3603522168103283	96.46	96.65
0.5788461538461539	0.34806648752456476	96.63	96.79
0.5794871794871795	0.34013843147229966	96.7	96.9
0.5801282051282052	0.3437658246810633	96.81	97.0
0.5807692307692308	0.32867014456820376	96.95	97.09
0.5814102564102565	0.33731839979889666	96.85	96.95
0.5820512820512821	0.3394870596842954	96.89	97.03
0.5826923076923077	0.3402276640464738	96.75	97.08
0.5833333333333334	0.3402276640464738	96.78	97.08
0.583974358974359	0.34166926773834533	96.78	97.08
0.5846153846153846	0.33952701301245	96.85	97.08
0.5852564102564103	0.35397545827764004	96.51	96.75
0.5858974358974359	0.3518090023042069	96.54	96.74
0.5865384615384616	0.351457773219926	96.69	96.87
0.5871794871794872	0.35109715376994577	96.72	96.87
0.5878205128205128	0.3482147942157799	96.74	96.83
0.5884615384615385	0.34822419876695343	96.55	96.87
0.5891025641025641	0.34822419876695343	96.54	96.87
0.5897435897435898	0.34822419876695343	96.65	96.86
0.5903846153846154	0.3554645769076432	96.55	96.84
0.591025641025641	0.3554645769076432	96.55	96.84
0.5916666666666667	0.34823488969066557	96.54	96.84
0.5923076923076923	0.3453469124851667	96.54	96.84
0.592948717948718	0.35297719939630573	96.54	96.83
0.5935897435897436	0.3513480332497927	96.54	96.84
0.5942307692307692	0.34968740040036966	96.56	96.83
0.5948717948717949	0.3616306243649269	96.59	96.82
0.5955128205128205	0.3616306243649269	96.59	96.79
0.5961538461538461	0.34608074286270524	96.59	96.82
0.5967948717948718	0.34608074286270524	96.59	96.82
0.5974358974358974	0.3500548853663564	96.71	96.79
0.5980769230769231	0.35078438446381355	96.65	96.8
0.5987179487179487	0.34466410112197554	96.78	96.86
0.5993589743589743	0.3417835541578139	96.78	96.93
0.6	0.3417835541578139	96.8	96.93
0.6006410256410256	0.3491098536127767	96.8	96.93
0.6012820512820513	0.3374764879117281	96.83	96.95
0.6019230769230769	0.3374764879117281	96.83	96.95
0.6025641025641025	0.3353273656354528	96.87	97.07
0.6032051282051282	0.3353273656354528	96.94	97.07
0.6038461538461538	0.3274258495708	97.03	97.12
0.6044871794871794	0.3224087368448048	97.12	97.24
0.6051282051282051	0.3186806488437344	97.18	97.34
0.6057692307692307	0.31025413727187945	97.21	97.34
0.6064102564102564	0.31025413727187945	97.21	97.34
0.607051282051282	0.324585849348719	97.07	97.2
0.6076923076923076	0.3303346813840951	96.97	97.1
0.6083333333333333	0.3303346813840951	96.97	97.1
0.6089743589743589	0.32714378964245056	97.04	97.16
0.6096153846153847	0.3260380881403651	96.97	97.1
0.6102564102564103	0.33538084595818185	96.97	97.1
0.610897435897436	0.3274739111571108	96.97	97.1
0.6115384615384616	0.3246101597829275	97.08	97.15
0.6121794871794872	0.3274848910716622	97.0	97.11
0.6128205128205129	0.3274848910716622	97.0	97.11
0.6134615384615385	0.32772477056724436	96.99	97.15
0.6141025641025641	0.33323847012257696	96.99	97.15
0.6147435897435898	0.33541160140295134	96.93	97.02
0.6153846153846154	0.33541160140295134	96.93	97.02
0.6160256410256411	0.331825159758785	96.93	97.12
0.6166666666666667	0.331825159758785	96.93	97.12
0.6173076923076923	0.331825159758785	96.93	97.04
0.617948717948718	0.333639954879831	96.96	97.05
0.6185897435897436	0.33040764930055655	96.95	97.05
0.6192307692307693	0.3331403318134406	96.95	97.05
0.6198717948717949	0.3332851103708888	96.95	97.05
0.6205128205128205	0.3289804865409826	96.95	97.12
0.6211538461538462	0.3253908364344808	97.02	97.12
0.6217948717948718	0.333776137560629	96.96	97.04
0.6224358974358974	0.333776137560629	96.96	97.08
0.6230769230769231	0.3268458140283326	96.93	97.13
0.6237179487179487	0.3268458140283326	96.94	97.15
0.6243589743589744	0.3218284138462467	97.06	97.19
0.625	0.3082477143594628	97.27	97.43
0.6256410256410256	0.3039664364680279	97.27	97.43
0.6262820512820513	0.31325186528813925	97.27	97.43
0.6269230769230769	0.31325186528813925	97.27	97.43
0.6275641025641026	0.31099310556373577	97.27	97.53
0.6282051282051282	0.31099310556373577	97.27	97.52
0.6288461538461538	0.30539519215266275	97.27	97.51
0.6294871794871795	0.29914392877390433	97.42	97.57
0.6301282051282051	0.29914392877390433	97.42	97.57
0.6307692307692307	0.2991450643123406	97.44	97.59
0.6314102564102564	0.2927486440638231	97.44	97.58
0.632051282051282	0.30477689652579154	97.31	97.43
0.6326923076923077	0.3141702291503761	97.25	97.43
0.6333333333333333	0.3141702291503761	97.25	97.43
0.6339743589743589	0.3213580192404161	97.16	97.36
0.6346153846153846	0.3152797035618877	97.17	97.35
0.6352564102564102	0.3152797035618877	97.16	97.35
0.6358974358974359	0.3099233027256719	97.17	97.36
0.6365384615384615	0.3099233027256719	97.17	97.36
0.6371794871794871	0.3145707365516864	97.18	97.36
0.6378205128205128	0.3145707365516864	97.18	97.35
0.6384615384615384	0.31810001346325995	97.19	97.35
0.639102564102564	0.32640805917614557	97.06	97.2
0.6397435897435897	0.33289807920156606	96.97	97.11
0.6403846153846153	0.33289807920156606	96.95	97.11
0.6410256410256411	0.3314718309115945	96.95	97.12
0.6416666666666667	0.3295900966017169	96.95	97.12
0.6423076923076924	0.33039670040477526	96.97	97.12
0.642948717948718	0.3307595390866847	96.95	97.12
0.6435897435897436	0.31717298330065763	96.95	97.04
0.6442307692307693	0.3343760776170692	96.9	97.02
0.6448717948717949	0.33223103996222547	96.86	97.03
0.6455128205128206	0.3264914363280647	96.99	97.14
0.6461538461538462	0.33008566504005254	97.0	97.15
0.6467948717948718	0.32812488529342093	97.0	97.14
0.6474358974358975	0.32812488529342093	97.0	97.14
0.6480769230769231	0.32812488529342093	97.0	97.14
0.6487179487179487	0.3336905395579693	96.96	97.1
0.6493589743589744	0.3355078984616229	96.87	97.04
0.65	0.3430737333521715	96.86	97.02
0.6506410256410257	0.3430737333521715	96.86	97.02
0.6512820512820513	0.33166297423921903	96.88	97.04
0.6519230769230769	0.33166297423921903	96.88	97.0
0.6525641025641026	0.3294235217897746	97.01	97.12
0.6532051282051282	0.33374193073290787	96.93	97.1
0.6538461538461539	0.33374193073290787	96.91	97.1
0.6544871794871795	0.3265569775242382	96.91	97.1
0.6551282051282051	0.3337438177739694	96.92	97.1
0.6557692307692308	0.3330255997950175	96.93	97.08
0.6564102564102564	0.3344650089621247	96.93	97.07
0.657051282051282	0.33159305112959525	96.96	97.1
0.6576923076923077	0.33159305112959525	96.96	97.1
0.6583333333333333	0.3361055672941018	96.91	97.07
0.658974358974359	0.33401274204820913	96.91	97.06
0.6596153846153846	0.33401274204820913	96.91	97.06
0.6602564102564102	0.3301757633194414	96.94	97.06
0.6608974358974359	0.3312546309481289	96.94	97.04
0.6615384615384615	0.3312546309481289	96.94	97.04
0.6621794871794872	0.31872786323029356	97.11	97.21
0.6628205128205128	0.3151552383456042	97.22	97.34
0.6634615384615384	0.3151552383456042	97.22	97.34
0.6641025641025641	0.30017405913093925	97.39	97.56
0.6647435897435897	0.3087402173348285	97.33	97.43
0.6653846153846154	0.3130317586928511	97.25	97.41
0.666025641025641	0.3130317586928511	97.25	97.41
0.6666666666666666	0.3130317586928511	97.25	97.41
0.6673076923076923	0.31017414747961813	97.25	97.31
0.6679487179487179	0.31280654753220605	97.25	97.31
0.6685897435897435	0.311605724938614	97.25	97.31
0.6692307692307692	0.3087504919573527	97.28	97.38
0.6698717948717948	0.3180617049325322	97.2	97.27
0.6705128205128205	0.32308327497064365	97.12	97.25
0.6711538461538461	0.32308327497064365	97.12	97.25
0.6717948717948717	0.32354225378552676	97.12	97.25
0.6724358974358975	0.32354225378552676	97.12	97.25
0.6730769230769231	0.3152137525888407	97.18	97.33
0.6737179487179488	0.3187947104947285	97.15	97.32
0.6743589743589744	0.3187947104947285	97.13	97.31
0.675	0.3187947104947285	97.14	97.31
0.6756410256410257	0.3187947104947285	97.14	97.22
0.6762820512820513	0.32094382077767847	97.14	97.2
0.676923076923077	0.32094382077767847	97.14	97.2
0.6775641025641026	0.32310808508444117	96.98	97.14
0.6782051282051282	0.33676260995717083	96.96	97.13
0.6788461538461539	0.33676260995717083	96.96	97.13
0.6794871794871795	0.33676260995717083	96.99	97.13
0.6801282051282052	0.33676260995717083	97.0	97.13
0.6807692307692308	0.32885329466266167	97.0	97.13
0.6814102564102564	0.3324471642135844	96.98	97.13
0.6820512820512821	0.32350134937524244	97.09	97.23
0.6826923076923077	0.32350134937524244	97.09	97.23
0.6833333333333333	0.32350134937524244	97.14	97.23
0.683974358974359	0.32997889469111263	96.94	97.09
0.6846153846153846	0.32997889469111263	96.94	97.09
0.6852564102564103	0.32997889469111263	96.94	97.09
0.6858974358974359	0.32317147274347474	97.02	97.19
0.6865384615384615	0.32317147274347474	97.01	97.19
0.6871794871794872	0.32317147274347474	97.04	97.19
0.6878205128205128	0.3260417979628152	96.96	97.19
0.6884615384615385	0.3260417979628152	96.95	97.19
0.6891025641025641	0.3260417979628152	96.95	97.18
0.6897435897435897	0.33489450203794635	96.95	97.19
0.6903846153846154	0.33489450203794635	96.96	97.19
0.691025641025641	0.3418856893055532	96.88	97.1
0.6916666666666667	0.3354055224691387	96.88	97.09
0.6923076923076923	0.3361279991379469	96.88	97.09
0.6929487179487179	0.3289383671408126	96.91	97.09
0.6935897435897436	0.32750645276735374	96.91	97.16
0.6942307692307692	0.32750645276735374	96.91	97.16
0.6948717948717948	0.32750645276735374	96.93	97.16
0.6955128205128205	0.32750645276735374	96.93	97.15
0.6961538461538461	0.3323342898117472	96.94	97.15
0.6967948717948718	0.3275065202881205	97.06	97.14
0.6974358974358974	0.3239199370760333	97.09	97.15
0.698076923076923	0.32178008129877056	97.16	97.23
0.6987179487179487	0.3167685225479892	97.18	97.29
0.6993589743589743	0.3167685225479892	97.18	97.29
0.7	0.3182124269257842	97.12	97.23
0.7006410256410256	0.3253799301487935	97.09	97.22
0.7012820512820512	0.31821964812566356	97.09	97.22
0.7019230769230769	0.31821453756590645	97.09	97.22
0.7025641025641025	0.32538532251601054	97.09	97.2
0.7032051282051283	0.3340115755695828	96.95	97.09
0.7038461538461539	0.3361137120198647	96.95	97.07
0.7044871794871795	0.3360489767517496	96.95	97.07
0.7051282051282052	0.33041848657161726	96.95	97.07
0.7057692307692308	0.3268378638915734	97.08	97.16
0.7064102564102565	0.3282747092088815	97.01	97.14
0.7070512820512821	0.3282747092088815	96.99	97.14
0.7076923076923077	0.32396918114401774	97.07	97.16
0.7083333333333334	0.32396918114401774	97.01	97.16
0.708974358974359	0.32396918114401774	97.07	97.16
0.7096153846153846	0.3320173394573526	96.98	97.08
0.7102564102564103	0.3304371798828971	96.95	97.07
0.7108974358974359	0.32723694867896097	96.99	97.16
0.7115384615384616	0.32723694867896097	97.0	97.16
0.7121794871794872	0.32723694867896097	97.02	97.16
0.7128205128205128	0.32636707330128173	97.03	97.19
0.7134615384615385	0.32738440826219467	97.14	97.26
0.7141025641025641	0.3231209470353003	97.15	97.19
0.7147435897435898	0.32554204183558305	97.07	97.16
0.7153846153846154	0.32331881460431	97.06	97.17
0.716025641025641	0.32189013520931165	97.1	97.19
0.7166666666666667	0.3211735507121778	97.1	97.19
0.7173076923076923	0.3247607561839112	97.06	97.16
0.717948717948718	0.3247607561839112	97.05	97.17
0.7185897435897436	0.3247607561839112	97.05	97.17
0.7192307692307692	0.3247607561839112	97.05	97.17
0.7198717948717949	0.3247607561839112	97.05	97.17
0.7205128205128205	0.3247607561839112	97.05	97.17
0.7211538461538461	0.3240435592815247	97.05	97.17
0.7217948717948718	0.32189770979121146	97.06	97.2
0.7224358974358974	0.3190359230443541	97.14	97.25
0.7230769230769231	0.3168931573520546	97.13	97.27
0.7237179487179487	0.3140336302270099	97.16	97.34
0.7243589743589743	0.3161807607092119	97.16	97.31
0.725	0.3226198379762001	97.16	97.3
0.7256410256410256	0.3197625834415316	97.16	97.3
0.7262820512820513	0.3269458706089971	97.0	97.12
0.7269230769230769	0.3255106029356489	97.0	97.12
0.7275641025641025	0.3298192276125715	97.0	97.12
0.7282051282051282	0.33269656329312497	97.0	97.12
0.7288461538461538	0.325519206394499	97.01	97.16
0.7294871794871794	0.325519206394499	97.02	97.16
0.7301282051282051	0.325519206394499	97.02	97.16
0.7307692307692307	0.33027310225609047	97.03	97.17
0.7314102564102564	0.3276751332701773	97.04	97.17
0.732051282051282	0.3276751332701773	97.05	97.17
0.7326923076923076	0.32880969098047136	97.05	97.17
0.7333333333333333	0.3069322898961878	97.23	97.39
0.7339743589743589	0.3069322898961878	97.24	97.39
0.7346153846153847	0.2983889209532928	97.43	97.65
0.7352564102564103	0.3033793001920958	97.37	97.59
0.735897435897436	0.31371800996545673	97.26	97.4
0.7365384615384616	0.3091042600808633	97.27	97.41
0.7371794871794872	0.3069655925940372	97.22	97.41
0.7378205128205129	0.3069655925940372	97.22	97.3
0.7384615384615385	0.3184124202308026	97.17	97.28
0.7391025641025641	0.3183500096013318	97.13	97.28
0.7397435897435898	0.3183500096013318	97.12	97.2
0.7403846153846154	0.321911433203445	97.17	97.3
0.7410256410256411	0.3180669622582237	97.15	97.3
0.7416666666666667	0.3141908274086918	97.13	97.29
0.7423076923076923	0.3134788459510108	97.14	97.29
0.742948717948718	0.3220696266210437	97.14	97.29
0.7435897435897436	0.32422074188184963	97.15	97.28
0.7442307692307693	0.32351068490513524	97.14	97.29
0.7448717948717949	0.31921091039131816	97.14	97.27
0.7455128205128205	0.3163483685217869	97.15	97.27
0.7461538461538462	0.3235318827007818	97.13	97.22
0.7467948717948718	0.3164625630349063	97.13	97.22
0.7474358974358974	0.32497529784876544	97.08	97.18
0.7480769230769231	0.32067674746381253	97.14	97.23
0.7487179487179487	0.3128091105250946	97.2	97.31
0.7493589743589744	0.31567080852978835	97.21	97.31
0.75	0.3121615810888216	97.21	97.31
0.7506410256410256	0.3120983129219938	97.21	97.31
0.7512820512820513	0.308532963606519	97.31	97.43
0.7519230769230769	0.3064002295235128	97.38	97.5
0.7525641025641026	0.2999853397316902	97.38	97.5
0.7532051282051282	0.30347166683400784	97.38	97.5
0.7538461538461538	0.29714104163533916	97.4	97.56
0.7544871794871795	0.2964306112981354	97.41	97.56
0.7551282051282051	0.29430153326257413	97.5	97.57
0.7557692307692307	0.29075617007954757	97.53	97.63
0.7564102564102564	0.28579012063511977	97.56	97.7
0.757051282051282	0.2843756423441578	97.55	97.74
0.7576923076923077	0.2843756423441578	97.55	97.74
0.7583333333333333	0.2843768554473979	97.55	97.74
0.7589743589743589	0.27801138184970486	97.67	97.85
0.7596153846153846	0.2758921855486639	97.67	97.85
0.7602564102564102	0.2766008017245703	97.68	97.84
0.7608974358974359	0.28369587210907865	97.55	97.71
0.7615384615384615	0.28369587210907865	97.55	97.68
0.7621794871794871	0.285121200834528	97.61	97.8
0.7628205128205128	0.285121200834528	97.62	97.79
0.7634615384615384	0.285121200834528	97.63	97.8
0.764102564102564	0.285121200834528	97.63	97.8
0.7647435897435897	0.28302423530927556	97.66	97.8
0.7653846153846153	0.2822872254915497	97.66	97.8
0.7660256410256411	0.2915223427216526	97.56	97.69
0.7666666666666667	0.2879721902271057	97.55	97.68
0.7673076923076924	0.28655415678713997	97.55	97.68
0.767948717948718	0.2865608156046326	97.55	97.68
0.7685897435897436	0.2919005683670083	97.47	97.62
0.7692307692307693	0.29438960588469165	97.47	97.61
0.7698717948717949	0.29438960588469165	97.47	97.61
0.7705128205128206	0.29438960588469165	97.51	97.63
0.7711538461538462	0.28942285642007126	97.56	97.66
0.7717948717948718	0.28871370458677575	97.57	97.66
0.7724358974358975	0.2865861123666693	97.61	97.7
0.7730769230769231	0.2830454507779566	97.68	97.77
0.7737179487179487	0.2830454507779566	97.68	97.77
0.7743589743589744	0.2802161672269182	97.68	97.77
0.775	0.2848366039064865	97.63	97.76
0.7756410256410257	0.2848366039064865	97.63	97.75
0.7762820512820513	0.2951478639190949	97.53	97.7
0.7769230769230769	0.2951478639190949	97.53	97.7
0.7775641025641026	0.29657301738513653	97.53	97.62
0.7782051282051282	0.3029954033315578	97.42	97.5
0.7788461538461539	0.3044294537829819	97.36	97.5
0.7794871794871795	0.304429910971212	97.38	97.5
0.7801282051282051	0.304429910971212	97.38	97.5
0.7807692307692308	0.304429910971212	97.38	97.5
0.7814102564102564	0.3072846865601501	97.28	97.46
0.782051282051282	0.3072846865601501	97.3	97.46
0.7826923076923077	0.3030050647272769	97.28	97.45
0.7833333333333333	0.30159668287898705	97.33	97.47
0.783974358974359	0.3078088739529428	97.31	97.46
0.7846153846153846	0.3023101290847164	97.31	97.46
0.7852564102564102	0.3001830588338214	97.39	97.49
0.7858974358974359	0.3094762388412953	97.32	97.39
0.7865384615384615	0.30520402662811136	97.34	97.45
0.7871794871794872	0.30236610049788654	97.38	97.49
0.7878205128205128	0.3009443425202282	97.32	97.49
0.7884615384615384	0.307364509994043	97.33	97.4
0.7891025641025641	0.3130924713684436	97.28	97.4
0.7897435897435897	0.315967429873451	97.21	97.3
0.7903846153846154	0.315967429873451	97.21	97.3
0.791025641025641	0.31527119085010147	97.26	97.32
0.7916666666666666	0.31527119085010147	97.26	97.32
0.7923076923076923	0.3138431056852214	97.26	97.32
0.7929487179487179	0.3242489925908012	97.08	97.2
0.7935897435897435	0.3242489925908012	97.08	97.2
0.7942307692307692	0.3242489925908012	97.08	97.2
0.7948717948717948	0.32037969952467266	97.09	97.2
0.7955128205128205	0.32604379198383254	97.09	97.2
0.7961538461538461	0.31887775683976977	97.15	97.26
0.7967948717948717	0.31959494017014056	97.15	97.27
0.7974358974358975	0.3216746812481126	97.16	97.27
0.7980769230769231	0.3224640890768836	97.15	97.27
0.7987179487179488	0.3124524446216775	97.22	97.32
0.7993589743589744	0.3224446502022855	97.11	97.22
0.8	0.3224446502022855	97.11	97.22
0.8006410256410257	0.32008098299695836	97.11	97.22
0.8012820512820513	0.32680013354394066	97.0	97.11
0.801923076923077	0.32680013354394066	97.0	97.11
0.8025641025641026	0.32751849617247136	97.0	97.11
0.8032051282051282	0.3340458919296538	97.01	97.07
0.8038461538461539	0.3340458919296538	97.01	97.07
0.8044871794871795	0.331895602228486	97.01	97.07
0.8051282051282052	0.3359167520183785	96.82	96.98
0.8057692307692308	0.33699808932928826	96.82	96.98
0.8064102564102564	0.3420411828552203	96.82	96.98
0.8070512820512821	0.3420411828552203	96.82	96.98
0.8076923076923077	0.34204351265824856	96.82	96.98
0.8083333333333333	0.33772547906878086	96.82	96.97
0.808974358974359	0.34586324990116385	96.82	96.96
0.8096153846153846	0.33255397374020046	96.89	96.96
0.8102564102564103	0.3431321906669603	96.83	96.95
0.8108974358974359	0.3406129698095819	96.83	96.95
0.8115384615384615	0.3398934449580024	96.83	96.92
0.8121794871794872	0.3413363050637881	96.83	96.92
0.8128205128205128	0.3420574225654548	96.83	96.91
0.8134615384615385	0.3341686190419924	96.97	97.04
0.8141025641025641	0.33489909043017124	96.95	97.0
0.8147435897435897	0.33489909043017124	96.95	97.0
0.8153846153846154	0.3376265877607036	96.92	97.0
0.816025641025641	0.3376265877607036	96.92	97.0
0.8166666666666667	0.3317813656149189	96.92	97.0
0.8173076923076923	0.3425081829316449	96.86	96.93
0.8179487179487179	0.3299347217630663	97.01	97.1
0.8185897435897436	0.32706841072915366	97.07	97.2
0.8192307692307692	0.31417522292062505	97.14	97.3
0.8198717948717948	0.31990363020948254	97.15	97.26
0.8205128205128205	0.33607666902934047	96.9	97.05
0.8211538461538461	0.3321390083175783	97.01	97.16
0.8217948717948718	0.3242424155155731	97.01	97.16
0.8224358974358974	0.3242424155155731	97.01	97.16
0.823076923076923	0.32353348293640755	97.04	97.28
0.8237179487179487	0.322099784197939	97.09	97.24
0.8243589743589743	0.322099784197939	97.11	97.24
0.825	0.32784299478645557	97.04	97.23
0.8256410256410256	0.3310751152677296	97.04	97.21
0.8262820512820512	0.33612178867863185	96.9	97.06
0.8269230769230769	0.3336050521500334	96.91	97.07
0.8275641025641025	0.3336050521500334	96.92	97.07
0.8282051282051283	0.33540412465463487	96.92	97.07
0.8288461538461539	0.33593119918616915	96.92	97.07
0.8294871794871795	0.33593119918616915	96.92	97.07
0.8301282051282052	0.33721447834846435	96.97	97.07
0.8307692307692308	0.3300277656211765	96.92	97.07
0.8314102564102565	0.33218543800641953	96.92	97.07
0.8320512820512821	0.3361423482032749	96.91	97.06
0.8326923076923077	0.3395837300322815	96.91	97.06
0.8333333333333334	0.33218692669948835	96.91	97.06
0.833974358974359	0.3314692593988005	96.94	97.07
0.8346153846153846	0.33929016391726585	96.94	97.07
0.8352564102564103	0.3303920987111951	96.94	97.07
0.8358974358974359	0.3300339568347683	96.95	97.07
0.8365384615384616	0.3286053987282627	97.08	97.13
0.8371794871794872	0.32359178717491216	97.11	97.28
0.8378205128205128	0.317145712556624	97.13	97.28
0.8384615384615385	0.31499994173056367	97.15	97.28
0.8391025641025641	0.31499994173056367	97.17	97.28
0.8397435897435898	0.31429106255326755	97.28	97.37
0.8403846153846154	0.31429418430212697	97.28	97.38
0.841025641025641	0.3186029833125567	97.19	97.31
0.8416666666666667	0.3186029833125567	97.19	97.34
0.8423076923076923	0.3186029833125567	97.19	97.28
0.842948717948718	0.3186029833125567	97.19	97.28
0.8435897435897436	0.3186029833125567	97.19	97.28
0.8442307692307692	0.32292105284174627	97.11	97.23
0.8448717948717949	0.32292105284174627	97.11	97.23
0.8455128205128205	0.32292105284174627	97.11	97.23
0.8461538461538461	0.32004369300268976	97.13	97.23
0.8467948717948718	0.3172085923658684	97.26	97.36
0.8474358974358974	0.3150654189341513	97.27	97.36
0.8480769230769231	0.3150654189341513	97.27	97.36
0.8487179487179487	0.3150654189341513	97.27	97.36
0.8493589743589743	0.32224567427413725	97.15	97.25
0.85	0.3219343718483413	97.17	97.34
0.8506410256410256	0.31009447818249597	97.31	97.39
0.8512820512820513	0.31295856666856453	97.2	97.34
0.8519230769230769	0.31295856666856453	97.25	97.39
0.8525641025641025	0.31295856666856453	97.25	97.39
0.8532051282051282	0.31295856666856453	97.25	97.39
0.8538461538461538	0.31295856666856453	97.25	97.39
0.8544871794871794	0.3122469946708597	97.26	97.36
0.8551282051282051	0.3122469946708597	97.26	97.36
0.8557692307692307	0.3115334601738442	97.26	97.36
0.8564102564102564	0.3093912882020151	97.27	97.36
0.857051282051282	0.3093912882020151	97.27	97.36
0.8576923076923076	0.31296351552527785	97.27	97.34
0.8583333333333333	0.31296351552527785	97.27	97.34
0.8589743589743589	0.31296351552527785	97.27	97.34
0.8596153846153847	0.30939787839057903	97.29	97.39
0.8602564102564103	0.30939787839057903	97.29	97.39
0.860897435897436	0.31695365693031047	97.25	97.34
0.8615384615384616	0.31695365693031047	97.25	97.34
0.8621794871794872	0.32783892559026206	97.09	97.19
0.8628205128205129	0.31709568851435205	97.09	97.19
0.8634615384615385	0.31709568851435205	97.09	97.19
0.8641025641025641	0.31872018008049624	97.12	97.24
0.8647435897435898	0.3223131357657929	97.16	97.28
0.8653846153846154	0.3237480923982798	97.16	97.28
0.8660256410256411	0.3173045456525759	97.2	97.32
0.8666666666666667	0.32088588857628764	97.16	97.27
0.8673076923076923	0.31936426277754587	97.16	97.27
0.867948717948718	0.323760519791342	97.08	97.23
0.8685897435897436	0.3237615064523457	97.09	97.23
0.8692307692307693	0.3227507460300732	97.08	97.23
0.8698717948717949	0.3227507460300732	97.08	97.23
0.8705128205128205	0.3227507460300732	97.08	97.23
0.8711538461538462	0.31874605103507725	97.16	97.23
0.8717948717948718	0.32878447986335757	97.08	97.23
0.8724358974358974	0.3173266478271862	97.18	97.33
0.8730769230769231	0.31160680753094405	97.22	97.34
0.8737179487179487	0.3101802282845769	97.27	97.41
0.8743589743589744	0.3037673784415293	97.32	97.44
0.875	0.31232612664414006	97.33	97.44
0.8756410256410256	0.31090544060220926	97.34	97.38
0.8762820512820513	0.31090544060220926	97.34	97.38
0.8769230769230769	0.31019431852310997	97.31	97.38
0.8775641025641026	0.3116272926966356	97.28	97.38
0.8782051282051282	0.3116272926966356	97.28	97.38
0.8788461538461538	0.3116272926966356	97.28	97.38
0.8794871794871795	0.31520193628290144	97.24	97.37
0.8801282051282051	0.31646206349374384	97.26	97.37
0.8807692307692307	0.31646206349374384	97.26	97.37
0.8814102564102564	0.31521202969737394	97.27	97.37
0.882051282051282	0.3116035645016648	97.27	97.37
0.8826923076923077	0.3116035645016648	97.27	97.37
0.8833333333333333	0.3126944945088666	97.26	97.37
0.8839743589743589	0.32095554036126855	97.2	97.35
0.8846153846153846	0.3109401008980998	97.2	97.34
0.8852564102564102	0.3109401008980998	97.2	97.34
0.8858974358974359	0.3109401008980998	97.2	97.34
0.8865384615384615	0.31594952935123094	97.21	97.36
0.8871794871794871	0.30596251980082667	97.27	97.41
0.8878205128205128	0.30596251980082667	97.27	97.41
0.8884615384615384	0.3147714660902154	97.27	97.4
0.889102564102564	0.3147714660902154	97.27	97.4
0.8897435897435897	0.32170467411785125	97.18	97.32
0.8903846153846153	0.32960791924952054	97.02	97.17
0.8910256410256411	0.33104747583773725	97.02	97.17
0.8916666666666667	0.33248623552419665	97.02	97.15
0.8923076923076924	0.3274585706374404	97.02	97.15
0.892948717948718	0.3274585706374404	97.02	97.15
0.8935897435897436	0.3274585706374404	97.02	97.14
0.8942307692307693	0.32915321882996273	97.02	97.15
0.8948717948717949	0.33646256182789974	96.96	97.02
0.8955128205128206	0.3361064170428406	96.93	97.02
0.8961538461538462	0.34115680504439777	96.83	96.99
0.8967948717948718	0.34115680504439777	96.83	96.99
0.8974358974358975	0.33627619557627264	96.92	97.09
0.8980769230769231	0.33627619557627264	96.93	97.09
0.8987179487179487	0.3282318619853472	97.06	97.16
0.8993589743589744	0.32608575456961325	97.1	97.19
0.9	0.3311137227336435	96.96	97.11
0.9006410256410257	0.3355139047053372	96.96	97.19
0.9012820512820513	0.3355139047053372	96.96	97.19
0.9019230769230769	0.32967747809108183	96.96	97.19
0.9025641025641026	0.32967747809108183	96.96	97.19
0.9032051282051282	0.33282357147938435	96.97	97.18
0.9038461538461539	0.3246624238624552	96.97	97.18
0.9044871794871795	0.3368764603083769	96.96	97.18
0.9051282051282051	0.32789819936212744	97.05	97.16
0.9057692307692308	0.3282610405878092	97.05	97.14
0.9064102564102564	0.3282610405878092	97.05	97.14
0.907051282051282	0.3282610405878092	97.05	97.14
0.9076923076923077	0.33906786390317795	96.92	97.0
0.9083333333333333	0.34123094551853	96.85	96.99
0.908974358974359	0.33476265043056963	96.95	97.08
0.9096153846153846	0.33476265043056963	96.95	97.08
0.9102564102564102	0.32973915685321203	96.96	97.08
0.9108974358974359	0.3310290683973145	96.96	97.08
0.9115384615384615	0.3310290683973145	96.96	97.08
0.9121794871794872	0.32973709681513386	97.05	97.09
0.9128205128205128	0.3304554120775781	97.0	97.15
0.9134615384615384	0.3239960813936551	97.03	97.19
0.9141025641025641	0.3321962995262007	97.04	97.19
0.9147435897435897	0.3225651432284216	97.06	97.19
0.9153846153846154	0.31898847526697716	97.18	97.25
0.916025641025641	0.3175604613790227	97.24	97.27
0.9166666666666666	0.3295000210585466	97.09	97.24
0.9173076923076923	0.3295000210585466	97.09	97.26
0.9179487179487179	0.31904438640293786	97.11	97.27
0.9185897435897435	0.3230779867617554	97.13	97.27
0.9192307692307692	0.3230779867617554	97.14	97.27
0.9198717948717948	0.31761473673852947	97.2	97.27
0.9205128205128205	0.3168992852347162	97.2	97.27
0.9211538461538461	0.32247792562796945	97.14	97.23
0.9217948717948717	0.32247792562796945	97.14	97.23
0.9224358974358975	0.31905971824822726	97.14	97.27
0.9230769230769231	0.3190598297775908	97.15	97.26
0.9237179487179488	0.3190598297775908	97.14	97.27
0.9243589743589744	0.315489007937615	97.17	97.32
0.925	0.315489007937615	97.17	97.36
0.9256410256410257	0.315489007937615	97.18	97.36
0.9262820512820513	0.3133438083742029	97.27	97.35
0.926923076923077	0.31049683247933246	97.27	97.4
0.9275641025641026	0.30339089802780034	97.31	97.47
0.9282051282051282	0.3069762671422873	97.32	97.45
0.9288461538461539	0.3062682872955092	97.34	97.46
0.9294871794871795	0.30558047403752203	97.36	97.43
0.9301282051282052	0.3070407882577583	97.36	97.4
0.9307692307692308	0.3070409283446845	97.36	97.47
0.9314102564102564	0.3070409283446845	97.36	97.5
0.9320512820512821	0.3070409283446845	97.36	97.5
0.9326923076923077	0.3070409283446845	97.36	97.5
0.9333333333333333	0.30918804495444124	97.36	97.47
0.933974358974359	0.309207955977489	97.31	97.42
0.9346153846153846	0.31278181601832794	97.31	97.42
0.9352564102564103	0.3099341571133273	97.29	97.39
0.9358974358974359	0.308509995721537	97.29	97.42
0.9365384615384615	0.308509995721537	97.29	97.42
0.9371794871794872	0.31351207085441707	97.3	97.42
0.9378205128205128	0.31351207085441707	97.3	97.42
0.9384615384615385	0.3056586529953993	97.32	97.43
0.9391025641025641	0.30423404146629984	97.32	97.45
0.9397435897435897	0.30573160372616504	97.32	97.42
0.9403846153846154	0.312089210309852	97.32	97.4
0.941025641025641	0.3085188174699743	97.32	97.41
0.9416666666666667	0.31567657428266666	97.25	97.31
0.9423076923076923	0.31567657428266666	97.25	97.31
0.9429487179487179	0.3152271567967201	97.25	97.31
0.9435897435897436	0.3115856468845883	97.25	97.31
0.9442307692307692	0.3115856468845883	97.26	97.31
0.9448717948717948	0.3135433600185846	97.29	97.35
0.9455128205128205	0.3135433600185846	97.29	97.36
0.9461538461538461	0.3120973602440588	97.32	97.43
0.9467948717948718	0.30926167515589936	97.32	97.43
0.9474358974358974	0.3078350614832878	97.32	97.43
0.948076923076923	0.3078350614832878	97.32	97.43
0.9487179487179487	0.30641054488304204	97.32	97.43
0.9493589743589743	0.30891475606746277	97.32	97.43
0.95	0.30539192922112907	97.36	97.42
0.9506410256410256	0.30539192922112907	97.36	97.42
0.9512820512820512	0.303619434235307	97.39	97.48
0.9519230769230769	0.303619434235307	97.34	97.48
0.9525641025641025	0.2901146597794323	97.55	97.64
0.9532051282051283	0.28586394326887815	97.57	97.74
0.9538461538461539	0.2837510399712651	97.67	97.79
0.9544871794871795	0.2834089250946807	97.64	97.79
0.9551282051282052	0.28376936858399426	97.64	97.84
0.9557692307692308	0.2858966345538271	97.64	97.84
0.9564102564102565	0.2773993154299861	97.64	97.84
0.9570512820512821	0.2774048793808623	97.71	97.83
0.9576923076923077	0.27529650189941396	97.73	97.84
0.9583333333333334	0.2938878158812905	97.6	97.68
0.958974358974359	0.2880713285141814	97.6	97.75
0.9596153846153846	0.29476253293570387	97.45	97.6
0.9602564102564103	0.29476253293570387	97.46	97.6
0.9608974358974359	0.29476253293570387	97.5	97.6
0.9615384615384616	0.2987544714945242	97.46	97.58
0.9621794871794872	0.2949884792328609	97.46	97.59
0.9628205128205128	0.2949884792328609	97.46	97.59
0.9634615384615385	0.2923713513184747	97.57	97.66
0.9641025641025641	0.2923713628972737	97.57	97.66
0.9647435897435898	0.295218129484331	97.5	97.65
0.9653846153846154	0.29948951545875185	97.5	97.63
0.966025641025641	0.29024750821582757	97.5	97.64
0.9666666666666667	0.29024750821582757	97.5	97.63
0.9673076923076923	0.30021068125534217	97.48	97.61
0.967948717948718	0.29498084759125415	97.48	97.63
0.9685897435897436	0.2980775350406468	97.48	97.63
0.9692307692307692	0.30057376278371195	97.48	97.63
0.9698717948717949	0.2916922744169718	97.48	97.62
0.9705128205128205	0.2966624181224465	97.49	97.62
0.9711538461538461	0.29630788174524186	97.5	97.62
0.9717948717948718	0.29170003603335	97.55	97.64
0.9724358974358974	0.2917011974284586	97.55	97.64
0.9730769230769231	0.2902854297727896	97.55	97.64
0.9737179487179487	0.2874772058167127	97.58	97.69
0.9743589743589743	0.2888967191563099	97.58	97.7
0.975	0.29031659030096085	97.58	97.71
0.9756410256410256	0.2860626236949425	97.63	97.71
0.9762820512820513	0.27835885750416245	97.74	97.91
0.9769230769230769	0.27408851973745596	97.76	97.91
0.9775641025641025	0.2854437256865163	97.71	97.77
0.9782051282051282	0.28544492124278936	97.7	97.8
0.9788461538461538	0.28544492124278936	97.7	97.8
0.9794871794871794	0.28544492124278936	97.7	97.8
0.9801282051282051	0.2946913360668153	97.56	97.65
0.9807692307692307	0.29398494233602573	97.52	97.64
0.9814102564102564	0.29683029336085615	97.54	97.66
0.982051282051282	0.29683029336085615	97.54	97.66
0.9826923076923076	0.29551512062833246	97.54	97.66
0.9833333333333333	0.28972543362886277	97.54	97.65
0.9839743589743589	0.29897377001351283	97.49	97.55
0.9846153846153847	0.2918665094735139	97.5	97.64
0.9852564102564103	0.288324058104394	97.63	97.77
0.985897435897436	0.288324058104394	97.64	97.81
0.9865384615384616	0.28194427549275186	97.67	97.8
0.9871794871794872	0.2835515343800225	97.66	97.8
0.9878205128205129	0.2880072659806177	97.67	97.8
0.9884615384615385	0.27982951969163106	97.67	97.8
0.9891025641025641	0.2933177673856793	97.63	97.79
0.9897435897435898	0.2918978705038421	97.62	97.79
0.9903846153846154	0.2918978705038421	97.63	97.79
0.9910256410256411	0.2855103279416424	97.62	97.78
0.9916666666666667	0.29190022263359894	97.62	97.78
0.9923076923076923	0.29404228746258576	97.57	97.63
0.992948717948718	0.2904997467553163	97.59	97.69
0.9935897435897436	0.28837129811842394	97.59	97.69
0.9942307692307693	0.292637924522499	97.57	97.65
0.9948717948717949	0.29192978116352897	97.57	97.67
0.9955128205128205	0.2855700955697383	97.62	97.75
0.9961538461538462	0.2791966947679085	97.62	97.8
0.9967948717948718	0.27919792437941393	97.62	97.8
0.9974358974358974	0.27919792437941393	97.62	97.76
0.9980769230769231	0.2870018350477522	97.62	97.76
0.9987179487179487	0.28327006366926444	97.7	97.8
0.9993589743589744	0.27922042926191115	97.7	97.8
1.0	0.27922042926191115	97.7	97.8
1.0006410256410256	0.2863066524938891	97.7	97.8